1.538750573636137910e-02 7.670592123929088624e-01 6.491124475917060821e-02 4.262921794567043699e-04
1.561831832240679827e-02 7.492556629380473510e-01 6.218813938651110429e-02 4.326865621485548622e-04
1.585259309724289939e-02 7.223704064700618988e-01 5.810532653153376026e-02 4.391768605807831738e-04
1.609038199370153854e-02 6.944409965287812181e-01 6.014583906131370367e-02 4.457645134894948173e-04
1.633173772360706211e-02 5.906175722895323776e-01 5.394514722407327961e-02 4.524509811918372179e-04
1.657671378946116644e-02 5.850259429625306318e-01 5.094676118110322283e-02 4.592377459097147260e-04
1.682536449630308434e-02 4.955315828197427996e-01 4.398686657820689155e-02 4.661263120983604770e-04
1.707774496374762918e-02 4.055965208701198810e-01 3.739816362477456357e-02 4.731182067798358408e-04
1.733391113820383772e-02 3.344590552739603040e-01 3.226970827902675421e-02 4.802149798815331938e-04
1.759391980527689331e-02 2.612921722784529721e-01 2.609711781325376942e-02 4.874182045797561722e-04
1.785782860235604619e-02 1.510666896187003172e-01 1.855071970772460138e-02 4.947294776484525416e-04
1.812569603139138619e-02 6.229953557990887403e-02 9.909732396966497089e-03 5.021504198131792641e-04
1.839758147186225726e-02 6.509690107704815820e-02 9.417664210932558816e-03 5.096826761103769032e-04
1.867354519394019002e-02 3.333282195569971240e-02 6.840456726427193539e-03 5.173279162520326218e-04
1.895364837184928750e-02 1.517727064360242968e-02 4.664020757275480662e-03 5.250878349958128721e-04
1.923795309742702686e-02 1.827552869356410120e-02 4.243979977524933549e-03 5.329641525207500733e-04
1.952652239388842983e-02 4.173746468168624407e-02 8.114279935851505948e-03 5.409586148085612865e-04
1.981942022979675533e-02 5.656231853749603411e-02 7.952679391158847325e-03 5.490729940306897415e-04
2.011671153324370506e-02 5.443930298022670033e-02 7.636111165871963848e-03 5.573090889411499906e-04
2.041846220624235833e-02 8.027373289247159704e-02 8.801627693219645984e-03 5.656687252752672177e-04
2.072473913933599310e-02 8.779628213954888960e-02 9.107139628749162316e-03 5.741537561543961403e-04
2.103561022642602696e-02 1.123581996569717467e-01 1.113132700940068671e-02 5.827660624967119854e-04
2.135114437982241556e-02 1.033122373613315076e-01 1.013788952047989592e-02 5.915075534341625524e-04
2.167141154551974896e-02 1.068994717000264077e-01 1.052920449093112769e-02 6.003801667356749305e-04
2.199648271870254315e-02 9.178243341598270322e-02 9.083487336537975770e-03 6.093858692367100025e-04
2.232642995948307812e-02 8.467699630976641134e-02 8.265577795438721481e-03 6.185266572752605788e-04
2.266132640887532149e-02 7.537817696062110162e-02 6.683594061919169611e-03 6.278045571343894397e-04
2.300124630500845202e-02 7.958131179895674978e-02 6.850988439713552591e-03 6.372216254914052965e-04
2.334626499958357762e-02 6.627696048929264394e-02 5.818062011813755416e-03 6.467799498737763098e-04
2.369645897457732867e-02 6.004048214882510420e-02 5.773342798663630773e-03 6.564816491218828645e-04
2.405190585919598709e-02 4.484767171591111379e-02 4.411522815949540759e-03 6.663288738587110809e-04
2.441268444708392243e-02 4.147610416673852551e-02 4.370239533844100591e-03 6.763238069665915807e-04
2.477887471379017909e-02 3.427202509011643278e-02 3.863341836472355528e-03 6.864686640710904088e-04
2.515055783449703097e-02 2.492236301675089874e-02 3.267389076649116625e-03 6.967656940321567379e-04
2.552781620201448332e-02 1.893218918992855063e-02 2.633309583585003583e-03 7.072171794426390266e-04
2.591073344504469730e-02 1.458692353694773271e-02 2.177918868565888524e-03 7.178254371342784879e-04
2.629939444672036580e-02 1.285403970876725609e-02 2.009412137710673511e-03 7.285928186912926218e-04
2.669388536342116522e-02 1.142088075282358256e-02 1.861832653244685455e-03 7.395217109716618973e-04
2.709429364387248157e-02 8.306429741787010879e-03 1.654257782291382621e-03 7.506145366362367835e-04
2.750070804853056716e-02 8.175715837732111177e-03 1.429359878571303871e-03 7.618737546857802740e-04
2.791321866925852366e-02 7.879317689635904204e-03 1.476492515173650740e-03 7.733018610060669006e-04
2.833191694929739629e-02 7.833398072818124891e-03 1.601532036724311438e-03 7.849013889211578238e-04
2.875689570353685831e-02 8.740551398333400168e-03 1.728894102337609224e-03 7.966749097549751663e-04
2.918824913908990570e-02 1.161359202642287848e-02 1.692400635748437555e-03 8.086250334012996203e-04
2.962607287617625290e-02 1.295826244612450183e-02 1.856152287018632404e-03 8.207544089023191590e-04
3.007046396931889465e-02 1.567880746079806237e-02 2.029175254231312467e-03 8.330657250358538581e-04
3.052152092885867390e-02 1.495689879848743908e-02 2.043136618268467757e-03 8.455617109113914859e-04
3.097934374279154995e-02 1.745034293950516874e-02 2.216484922234539939e-03 8.582451365750623420e-04
3.144403389893342393e-02 2.036252617552023261e-02 2.458008181754427722e-03 8.711188136236882153e-04
3.191569440741742064e-02 1.561294495039461383e-02 1.928505597115071210e-03 8.841855958280434849e-04
3.239442982352867817e-02 1.838704844145553838e-02 2.241005654901161420e-03 8.974483797654639935e-04
3.288034627088160661e-02 2.319831089896905521e-02 3.044185724756113664e-03 9.109101054619459436e-04
3.337355146494482699e-02 1.326242728563224726e-02 2.002029132328993904e-03 9.245737570438750021e-04
3.387415473691899465e-02 1.931286653605097242e-02 2.531087511176057653e-03 9.384423633995329569e-04
3.438226705797277349e-02 1.290615917195056528e-02 1.899023714250412404e-03 9.525189988505257995e-04
3.489800106384236683e-02 9.287889360841827466e-03 1.579448965993480091e-03 9.668067838332837201e-04
3.542147107979999598e-02 1.119687964827112935e-02 1.626763000630244808e-03 9.813088855907827444e-04
3.595279314599699599e-02 8.208194343110059715e-03 1.392621515591419305e-03 9.960285188746445702e-04
3.649208504318694757e-02 3.969774471556318865e-03 8.809744607790524719e-04 1.010968946657764224e-03
3.703946631883474339e-02 3.964760684970960493e-03 1.048658521839470129e-03 1.026133480857630443e-03
3.759505831361725781e-02 3.411277154030950207e-03 8.269136577626313381e-04 1.041525483070494590e-03
3.815898418832151806e-02 1.755612258202956990e-03 5.733524769491005028e-04 1.057148365316552124e-03
3.873136895114633743e-02 6.167342243398136852e-03 1.187282280827801125e-03 1.073005590796300259e-03
3.931233948541353052e-02 4.343792210545685019e-03 9.228639732836649290e-04 1.089100674658244816e-03
3.990202457769472660e-02 6.454429123036514379e-03 1.243710255106993557e-03 1.105437184778118283e-03
4.050055494636014414e-02 5.970963947339399773e-03 1.172536503846809174e-03 1.122018742549789902e-03
4.110806327055554349e-02 8.184610419189551275e-03 1.398217891777977845e-03 1.138849023688036713e-03
4.172468421961386675e-02 7.044213993263401773e-03 1.264183204432921433e-03 1.155931759043356830e-03
4.235055448290807323e-02 7.877836720664084871e-03 1.382419148988399925e-03 1.173270735429007318e-03
4.298581280015168621e-02 8.364293222137650363e-03 1.604925328756073031e-03 1.190869796460442085e-03
4.363059999215396223e-02 7.081205100391477388e-03 1.310804312535002484e-03 1.208732843407348857e-03
4.428505899203626084e-02 6.310808618085640177e-03 1.218245545073996967e-03 1.226863836058458704e-03
4.494933487691681051e-02 4.114753588146340298e-03 9.000563720410276409e-04 1.245266793599335850e-03
4.562357490007055982e-02 3.971240478705931679e-03 9.722265990209727699e-04 1.263945795503325798e-03
4.630792852357160788e-02 3.424055941141166803e-03 8.893132349261342927e-04 1.282904982435875349e-03
4.700254745142518065e-02 1.332804684281210187e-03 6.685922082928617708e-04 1.302148557172413392e-03
4.770758566319655003e-02 1.021335098400766436e-03 5.633483008088964288e-04 1.321680785529999328e-03
4.842319944814449384e-02 2.799514413506024469e-03 8.679289678544437406e-04 1.341505997312949236e-03
4.914954743986665875e-02 1.683567609821810633e-03 5.220572589714762412e-04 1.361628587272643420e-03
4.988679065146466030e-02 2.408426789297768173e-03 6.631273438816642557e-04 1.382053016081733008e-03
5.063509251123662208e-02 2.749860226814157104e-03 8.549009098234735225e-04 1.402783811322958797e-03
5.139461889890516860e-02 1.807820938208403675e-03 6.208639823472339751e-04 1.423825568492803270e-03
5.216553818238874041e-02 3.492803531780419666e-03 9.956323286365522003e-04 1.445182952020195033e-03
5.294802125512455826e-02 3.281218087570583839e-03 9.772572721448845746e-04 1.466860696300497681e-03
5.374224157395142421e-02 2.331539962520353445e-03 6.876957151458019469e-04 1.488863606745004925e-03
5.454837519756069314e-02 2.014232386123316395e-03 7.364103008648242160e-04 1.511196560846180068e-03
5.536660082552409545e-02 2.210614346853545086e-03 8.148334149652426651e-04 1.533864509258872503e-03
5.619709983790695251e-02 1.179863612620448039e-03 7.456152724842704266e-04 1.556872476897755387e-03
5.704005633547555576e-02 1.021701612803941998e-03 5.616916117482962387e-04 1.580225564051221734e-03
5.789565718050768139e-02 1.326408763166050378e-03 9.619158803418348391e-04 1.603928947511990000e-03
5.876409203821528898e-02 4.545238591998033441e-04 4.672993006035570875e-04 1.627987881724669633e-03
5.964555341878850780e-02 2.891376205619440825e-04 2.957571888217510486e-04 1.652407699950539204e-03
6.054023672007033396e-02 1.183910026789783323e-03 7.693413770126286818e-04 1.677193815449797313e-03
