1.538750573636137910e-02 5.044598549498684470e-01 4.888999827002918352e-02 4.250814014083180480e-04
1.561831832240679827e-02 3.965608902887206022e-01 4.161007431320611072e-02 4.314576224294427846e-04
1.585259309724289939e-02 4.133532201557911789e-01 4.007152256948999514e-02 4.379294867658844233e-04
1.609038199370153854e-02 4.009717032163372386e-01 4.111627978196155664e-02 4.444984290673725455e-04
1.633173772360706211e-02 4.169440626212250200e-01 4.054937701755231827e-02 4.511659055033831662e-04
1.657671378946116644e-02 4.003990542198087033e-01 3.850307691673011956e-02 4.579333940859338565e-04
1.682536449630308434e-02 3.556435186244380486e-01 3.432333991180241267e-02 4.648023949972228635e-04
1.707774496374762918e-02 3.325167369258861805e-01 3.165050856887587083e-02 4.717744309221811845e-04
1.733391113820383772e-02 3.170184646073013757e-01 3.020727134986669199e-02 4.788510473860137055e-04
1.759391980527689331e-02 2.503500730490134663e-01 2.451398855810871941e-02 4.860338130968038894e-04
1.785782860235604619e-02 2.452527647519025245e-01 2.409891177339691312e-02 4.933243202932559562e-04
1.812569603139138619e-02 2.083961229333195497e-01 2.062068442245315950e-02 5.007241850976547858e-04
1.839758147186225726e-02 1.507022057945013038e-01 1.653089575239741899e-02 5.082350478741196010e-04
1.867354519394019002e-02 1.433703141867821440e-01 1.519249519026418492e-02 5.158585735922313360e-04
1.895364837184928750e-02 1.061794380985575936e-01 1.233232549448382877e-02 5.235964521961146249e-04
1.923795309742702686e-02 8.097464261059039714e-02 1.054247918361963555e-02 5.314503989790564332e-04
1.952652239388842983e-02 7.751325953478410691e-02 1.021034070919556863e-02 5.394221549637421556e-04
1.981942022979675533e-02 5.423603564326495013e-02 7.469444679853035410e-03 5.475134872881983047e-04
2.011671153324370506e-02 4.601894219664064145e-02 6.457040120740061007e-03 5.557261895975211530e-04
2.041846220624235833e-02 3.682390508007319513e-02 5.636339252106607918e-03 5.640620824414839182e-04
2.072473913933599310e-02 3.196027972872897416e-02 4.774751174315196647e-03 5.725230136781061943e-04
2.103561022642602696e-02 4.735889604268569975e-02 6.230530598161978899e-03 5.811108588832775666e-04
2.135114437982241556e-02 3.644702437089267222e-02 5.085498870302363091e-03 5.898275217665267019e-04
2.167141154551974896e-02 6.645005111068634507e-02 7.566050153000281227e-03 5.986749345930246014e-04
2.199648271870254315e-02 5.479079901387199497e-02 6.300644698468964300e-03 6.076550586119199189e-04
2.232642995948307812e-02 5.812608317383394924e-02 6.662124959079140062e-03 6.167698844910986114e-04
2.266132640887532149e-02 6.316409636343553458e-02 5.921655665148634583e-03 6.260214327584649567e-04
2.300124630500845202e-02 6.578052028928668693e-02 6.179608246492662715e-03 6.354117542498419506e-04
2.334626499958357762e-02 7.072937574806059668e-02 6.062680367154184638e-03 6.449429305635895294e-04
2.369645897457732867e-02 7.315116519169251319e-02 6.420731504863637709e-03 6.546170745220432916e-04
2.405190585919598709e-02 6.213921521229138351e-02 5.404595321545959015e-03 6.644363306398738981e-04
2.441268444708392243e-02 6.541574916868261869e-02 5.750456626083929636e-03 6.744028755994718868e-04
2.477887471379017909e-02 5.754369599678420960e-02 5.354807932631404886e-03 6.845189187334639342e-04
2.515055783449703097e-02 5.434461023245323874e-02 4.970151927796128896e-03 6.947867025144658423e-04
2.552781620201448332e-02 4.283557961764752203e-02 4.371254477794869406e-03 7.052085030521828375e-04
2.591073344504469730e-02 4.659398320967005069e-02 4.375738880726758560e-03 7.157866305979654949e-04
2.629939444672036580e-02 3.323360632285927985e-02 3.501668369087972306e-03 7.265234300569349112e-04
2.669388536342116522e-02 2.772038019519088708e-02 3.107890717831688059e-03 7.374212815077886909e-04
2.709429364387248157e-02 2.347210661451175004e-02 2.817537059825471132e-03 7.484826007304054910e-04
2.750070804853056716e-02 2.292415654181749474e-02 2.582273592910579087e-03 7.597098397413615299e-04
2.791321866925852366e-02 1.364720815561097644e-02 1.942390653015628335e-03 7.711054873374819036e-04
2.833191694929739629e-02 9.840958663352154800e-03 1.666972449213272338e-03 7.826720696475440156e-04
2.875689570353685831e-02 1.031419928686653185e-02 1.580658615281951016e-03 7.944121506922571579e-04
2.918824913908990570e-02 1.139583992267164357e-02 1.673781823468411785e-03 8.063283329526408630e-04
2.962607287617625290e-02 1.183432117894235060e-02 1.761067915840256555e-03 8.184232579469305057e-04
3.007046396931889465e-02 1.211793060688800064e-02 1.741696068191213786e-03 8.306996068161344058e-04
3.052152092885867390e-02 1.623150695389776257e-02 2.067828778785382824e-03 8.431601009183763281e-04
3.097934374279154995e-02 2.071029517099186312e-02 2.464399565040407622e-03 8.558075024321518598e-04
3.144403389893342393e-02 1.931067495183092300e-02 2.380881232726388998e-03 8.686446149686340807e-04
3.191569440741742064e-02 1.865295400004347501e-02 2.157481430773452655e-03 8.816742841931635112e-04
3.239442982352867817e-02 2.153629612157457324e-02 2.426686782586859412e-03 8.948993984560608961e-04
3.288034627088160661e-02 1.946089341598464251e-02 2.536829713121341486e-03 9.083228894329017141e-04
3.337355146494482699e-02 2.100753696282781080e-02 2.574983391867916461e-03 9.219477327743950913e-04
3.387415473691899465e-02 2.042568903418140111e-02 2.694512711652112709e-03 9.357769487660108848e-04
3.438226705797277349e-02 1.603526096901838546e-02 2.247048986177556905e-03 9.498136029975009793e-04
3.489800106384236683e-02 1.610694528848283236e-02 2.103924648878259356e-03 9.640608070424635471e-04
3.542147107979999598e-02 1.027267123389518678e-02 1.610476879870667002e-03 9.785217191481002195e-04
3.595279314599699599e-02 1.144666912733462161e-02 1.705367956101042906e-03 9.931995449353218583e-04
3.649208504318694757e-02 6.899961921129934943e-03 1.210357591748918108e-03 1.008097538109351465e-03
3.703946631883474339e-02 7.798135485719580318e-03 1.362772643745480041e-03 1.023219001180991627e-03
3.759505831361725781e-02 6.280296578782810189e-03 1.169897428480825077e-03 1.038567286198706233e-03
3.815898418832151806e-02 5.263790105394192467e-03 1.052620504503678622e-03 1.054145795491686884e-03
3.873136895114633743e-02 6.350555715719466247e-03 1.207762930887493202e-03 1.069957982424062093e-03
3.931233948541353052e-02 3.698126971502703735e-03 8.398795878373268567e-04 1.086007352160422946e-03
3.990202457769472660e-02 6.082084305765243608e-03 1.198979444369297192e-03 1.102297462442829168e-03
4.050055494636014414e-02 4.709652473750593378e-03 1.113976190092762740e-03 1.118831924379471441e-03
4.110806327055554349e-02 8.513748413218481803e-03 1.434365140474350197e-03 1.135614403245163457e-03
4.172468421961386675e-02 7.695035845090900280e-03 1.337877279224421265e-03 1.152648619293840642e-03
4.235055448290807323e-02 9.413703971287297814e-03 1.553593367853544314e-03 1.169938348583248128e-03
4.298581280015168621e-02 1.125188971673823750e-02 1.861898268694752931e-03 1.187487423811996656e-03
4.363059999215396223e-02 7.077108886571791165e-03 1.310046060985472789e-03 1.205299735169176574e-03
4.428505899203626084e-02 6.468880051263592966e-03 1.237972735789203815e-03 1.223379231196714033e-03
4.494933487691681051e-02 4.560516606568622289e-03 1.043153570759628584e-03 1.241729919664664962e-03
4.562357490007055982e-02 5.291924351691608061e-03 1.159771190579084394e-03 1.260355868459634831e-03
4.630792852357160788e-02 3.802305835678452400e-03 9.460146580262114406e-04 1.279261206486529117e-03
4.700254745142518065e-02 4.251171403196040560e-03 9.710077064297231719e-04 1.298450124583827017e-03
4.770758566319655003e-02 2.240658206400808310e-03 6.242944335181427806e-04 1.317926876452583983e-03
4.842319944814449384e-02 3.228340382912527323e-03 9.459709250192191790e-04 1.337695779599372761e-03
4.914954743986665875e-02 2.664106736897528960e-03 6.815843732454488152e-04 1.357761216293363292e-03
4.988679065146466030e-02 1.629762336016645592e-03 6.601630198531922931e-04 1.378127634537763737e-03
5.063509251123662208e-02 4.157638527206059149e-03 1.353977449575666540e-03 1.398799549055829931e-03
5.139461889890516860e-02 3.252195325842529867e-03 8.817064077407245435e-04 1.419781542291667252e-03
5.216553818238874041e-02 3.696123255697284903e-03 1.032184662109316819e-03 1.441078265426042190e-03
5.294802125512455826e-02 4.304107532716112267e-03 1.169450262807599080e-03 1.462694439407432375e-03
5.374224157395142421e-02 2.796229504026850540e-03 7.702910214306802434e-04 1.484634855998543832e-03
5.454837519756069314e-02 3.623521009665250578e-03 1.082344179397712889e-03 1.506904378838522067e-03
5.536660082552409545e-02 1.546534912062466367e-03 6.538083577370128359e-04 1.529507944521099616e-03
5.619709983790695251e-02 2.627889320597887220e-03 8.442977361467480894e-04 1.552450563688915998e-03
5.704005633547555576e-02 2.552776491038144697e-03 9.960313049146708557e-04 1.575737322144249658e-03
5.789565718050768139e-02 2.651282970044235507e-03 1.589118535574293072e-03 1.599373381976413244e-03
5.876409203821528898e-02 9.085218680995416031e-04 6.780547914198712441e-04 1.623363982706059168e-03
5.964555341878850780e-02 1.444851826003480276e-03 7.170782292722411742e-04 1.647714442446649840e-03
6.054023672007033396e-02 3.944083929552338452e-04 4.115754914933627347e-04 1.672430159083349499e-03
