1.538750573636137910e-02 8.172917259806847801e-01 6.728242832730370326e-02 4.262921794567043699e-04
1.561831832240679827e-02 7.336352598358526489e-01 6.150655208257903989e-02 4.326865621485548622e-04
1.585259309724289939e-02 7.934735616525052659e-01 6.357424020241399243e-02 4.391768605807831738e-04
1.609038199370153854e-02 6.835103157572086641e-01 6.112893081839848586e-02 4.457645134894948173e-04
1.633173772360706211e-02 6.244628935346412391e-01 5.446767438506572995e-02 4.524509811918372179e-04
1.657671378946116644e-02 5.520107534716034436e-01 4.925160416893020754e-02 4.592377459097147260e-04
1.682536449630308434e-02 5.109690457548731191e-01 4.597577881774603942e-02 4.661263120983604770e-04
1.707774496374762918e-02 3.369801942238572212e-01 3.451525833899261181e-02 4.731182067798358408e-04
1.733391113820383772e-02 3.185147008645166644e-01 3.039491143520567373e-02 4.802149798815331938e-04
1.759391980527689331e-02 1.966546666849168234e-01 2.218679030163185281e-02 4.874182045797561722e-04
1.785782860235604619e-02 1.658449939359846470e-01 1.892336844137712179e-02 4.947294776484525416e-04
1.812569603139138619e-02 8.648917293356730984e-02 1.231573440878701992e-02 5.021504198131792641e-04
1.839758147186225726e-02 4.547501435325062430e-02 8.208892461060147278e-03 5.096826761103769032e-04
1.867354519394019002e-02 3.382124978803650178e-02 6.343598510985946903e-03 5.173279162520326218e-04
1.895364837184928750e-02 3.289651929238356087e-02 6.004906245856082847e-03 5.250878349958128721e-04
1.923795309742702686e-02 1.629462149081570277e-02 5.267390050555540923e-03 5.329641525207500733e-04
1.952652239388842983e-02 4.228989009125393161e-02 7.800998058685394178e-03 5.409586148085612865e-04
1.981942022979675533e-02 4.537400574462310821e-02 7.692479239343689296e-03 5.490729940306897415e-04
2.011671153324370506e-02 6.390580849140191366e-02 7.937265679052051340e-03 5.573090889411499906e-04
2.041846220624235833e-02 9.774537334198223071e-02 1.009407548980325274e-02 5.656687252752672177e-04
2.072473913933599310e-02 7.482712701926345911e-02 8.612204833932943573e-03 5.741537561543961403e-04
2.103561022642602696e-02 1.019315591907398177e-01 1.044475573605496005e-02 5.827660624967119854e-04
2.135114437982241556e-02 1.044509195838441290e-01 1.006708361536837355e-02 5.915075534341625524e-04
2.167141154551974896e-02 1.220886177250505022e-01 1.140643706563503751e-02 6.003801667356749305e-04
2.199648271870254315e-02 9.754443675141852288e-02 9.599034153189188109e-03 6.093858692367100025e-04
2.232642995948307812e-02 9.041856465209154037e-02 8.691603796567444820e-03 6.185266572752605788e-04
2.266132640887532149e-02 8.391252375513920392e-02 7.162203017442868129e-03 6.278045571343894397e-04
2.300124630500845202e-02 8.536528527566854263e-02 7.365697408267662775e-03 6.372216254914052965e-04
2.334626499958357762e-02 8.012626252096026469e-02 6.594400336217312066e-03 6.467799498737763098e-04
2.369645897457732867e-02 6.424877429868350309e-02 6.131587106306150489e-03 6.564816491218828645e-04
2.405190585919598709e-02 4.143834809370729871e-02 4.315571169141637145e-03 6.663288738587110809e-04
2.441268444708392243e-02 4.421222079674726191e-02 4.558681060230122296e-03 6.763238069665915807e-04
2.477887471379017909e-02 3.678399571485044955e-02 4.435294754541582209e-03 6.864686640710904088e-04
2.515055783449703097e-02 3.362775266987515221e-02 3.766614446877510416e-03 6.967656940321567379e-04
2.552781620201448332e-02 1.841948645456444392e-02 2.733431347875125549e-03 7.072171794426390266e-04
2.591073344504469730e-02 1.530097508019905017e-02 2.246297688346801831e-03 7.178254371342784879e-04
2.629939444672036580e-02 8.931694581455902962e-03 1.956054156546606013e-03 7.285928186912926218e-04
2.669388536342116522e-02 1.093318420052631808e-02 1.961730498611223561e-03 7.395217109716618973e-04
2.709429364387248157e-02 8.597045934777319126e-03 1.816613822429985134e-03 7.506145366362367835e-04
2.750070804853056716e-02 1.004795065449767821e-02 1.716182350787393181e-03 7.618737546857802740e-04
2.791321866925852366e-02 9.032745354302710444e-03 1.583510320361472589e-03 7.733018610060669006e-04
2.833191694929739629e-02 7.056989944581672052e-03 1.431706351036494398e-03 7.849013889211578238e-04
2.875689570353685831e-02 7.865786717668745223e-03 1.364768428180280655e-03 7.966749097549751663e-04
2.918824913908990570e-02 8.099107821601564047e-03 1.387998915058703603e-03 8.086250334012996203e-04
2.962607287617625290e-02 1.375619491732470862e-02 1.929303228352706586e-03 8.207544089023191590e-04
3.007046396931889465e-02 1.157033994401554002e-02 1.790063822432145764e-03 8.330657250358538581e-04
3.052152092885867390e-02 1.513204902631150491e-02 1.990201723350405651e-03 8.455617109113914859e-04
3.097934374279154995e-02 1.757712941063836395e-02 2.307621173984455900e-03 8.582451365750623420e-04
3.144403389893342393e-02 1.911771156362558274e-02 2.311755655630543752e-03 8.711188136236882153e-04
3.191569440741742064e-02 2.058962363133403153e-02 2.403135366305977991e-03 8.841855958280434849e-04
3.239442982352867817e-02 1.487223170948383591e-02 1.919009677779452737e-03 8.974483797654639935e-04
3.288034627088160661e-02 1.577219419429951378e-02 2.232276970419222895e-03 9.109101054619459436e-04
3.337355146494482699e-02 1.796917576890618568e-02 2.333819050890403000e-03 9.245737570438750021e-04
3.387415473691899465e-02 1.338730661894872373e-02 2.015739871555208979e-03 9.384423633995329569e-04
3.438226705797277349e-02 1.256435922889141167e-02 1.956023609225434733e-03 9.525189988505257995e-04
3.489800106384236683e-02 1.136747711284262670e-02 1.695825899448562052e-03 9.668067838332837201e-04
3.542147107979999598e-02 7.534517726523196762e-03 1.284074388193559612e-03 9.813088855907827444e-04
3.595279314599699599e-02 6.711566823848985966e-03 1.340504459276799926e-03 9.960285188746445702e-04
3.649208504318694757e-02 4.500576563177752752e-03 1.053183922845999992e-03 1.010968946657764224e-03
3.703946631883474339e-02 3.617721380829714943e-03 1.014192292512901402e-03 1.026133480857630443e-03
3.759505831361725781e-02 2.899566645579086839e-03 7.596036428578248866e-04 1.041525483070494590e-03
3.815898418832151806e-02 2.835295281368652599e-03 7.456137535308009125e-04 1.057148365316552124e-03
3.873136895114633743e-02 4.150080282911101232e-03 9.482916767622631780e-04 1.073005590796300259e-03
3.931233948541353052e-02 4.222098236336795270e-03 9.110538680006307830e-04 1.089100674658244816e-03
3.990202457769472660e-02 5.894430484368331884e-03 1.367476647094919163e-03 1.105437184778118283e-03
4.050055494636014414e-02 8.863091729745118524e-03 1.513244548924084316e-03 1.122018742549789902e-03
4.110806327055554349e-02 7.249701005497032405e-03 1.297519208532383651e-03 1.138849023688036713e-03
4.172468421961386675e-02 6.751940819354270741e-03 1.308488519849166764e-03 1.155931759043356830e-03
4.235055448290807323e-02 8.124501241018789247e-03 1.414956582141656694e-03 1.173270735429007318e-03
4.298581280015168621e-02 8.089538558782222166e-03 1.496938590758773672e-03 1.190869796460442085e-03
4.363059999215396223e-02 4.654215167709248140e-03 1.006046168177012054e-03 1.208732843407348857e-03
4.428505899203626084e-02 4.736615247916245268e-03 1.017067285082997328e-03 1.226863836058458704e-03
4.494933487691681051e-02 3.674075094098593237e-03 8.447448662330809535e-04 1.245266793599335850e-03
4.562357490007055982e-02 2.290539817955930275e-03 7.084013397951364685e-04 1.263945795503325798e-03
4.630792852357160788e-02 2.880111579693394718e-03 8.072960109688131960e-04 1.282904982435875349e-03
4.700254745142518065e-02 1.345290942900393902e-03 6.748558531629411487e-04 1.302148557172413392e-03
4.770758566319655003e-02 1.357775187011176811e-03 4.743945004087368527e-04 1.321680785529999328e-03
4.842319944814449384e-02 2.173647236841687227e-03 7.504421637222462999e-04 1.341505997312949236e-03
4.914954743986665875e-02 1.982563285248167655e-03 5.754591508782494090e-04 1.361628587272643420e-03
4.988679065146466030e-02 1.494045885319708221e-03 6.442814041489411132e-04 1.382053016081733008e-03
5.063509251123662208e-02 4.056678366887398260e-03 1.091241843505300719e-03 1.402783811322958797e-03
5.139461889890516860e-02 1.824757343097931127e-03 6.266804897037522772e-04 1.423825568492803270e-03
5.216553818238874041e-02 3.732909397176655680e-03 1.042457612545875456e-03 1.445182952020195033e-03
5.294802125512455826e-02 2.449468847797551998e-03 9.788996955811014866e-04 1.466860696300497681e-03
5.374224157395142421e-02 1.568921854082739676e-03 5.442392056832293101e-04 1.488863606745004925e-03
5.454837519756069314e-02 1.626482030206680965e-03 6.478747304930267429e-04 1.511196560846180068e-03
5.536660082552409545e-02 1.115662142450976049e-03 5.418332189989360928e-04 1.533864509258872503e-03
5.619709983790695251e-02 1.224943258440294811e-03 5.380928259800755661e-04 1.556872476897755387e-03
5.704005633547555576e-02 1.804728328883379316e-03 7.971389308872721836e-04 1.580225564051221734e-03
5.876409203821528898e-02 3.823183536224573063e-04 1.275878583284673420e-03 1.627987881724669633e-03
6.054023672007033396e-02 3.983337931489471374e-04 4.156717494404371161e-04 1.677193815449797313e-03
