1.538750573636137910e-02 8.574956746123068019e-01 7.000410944474495800e-02 4.262921794567043699e-04
1.561831832240679827e-02 8.320841829263199152e-01 6.684103085756924745e-02 4.326865621485548622e-04
1.585259309724289939e-02 7.839528818500122176e-01 6.204679810356568403e-02 4.391768605807831738e-04
1.609038199370153854e-02 8.293057727343332575e-01 6.891137250408108095e-02 4.457645134894948173e-04
1.633173772360706211e-02 6.583521402237911824e-01 5.693236854354705168e-02 4.524509811918372179e-04
1.657671378946116644e-02 6.213489465716725002e-01 5.275372329272347283e-02 4.592377459097147260e-04
1.682536449630308434e-02 4.831768424739233958e-01 4.351595941142157031e-02 4.661263120983604770e-04
1.707774496374762918e-02 3.897218272788573468e-01 3.639617445577007782e-02 4.731182067798358408e-04
1.733391113820383772e-02 2.965324236846995087e-01 2.916113209125509309e-02 4.802149798815331938e-04
1.759391980527689331e-02 2.166528851892991492e-01 2.220838896551044842e-02 4.874182045797561722e-04
1.785782860235604619e-02 1.468188950061824483e-01 1.902493202161626915e-02 4.947294776484525416e-04
1.812569603139138619e-02 7.492600749161872076e-02 1.220813882937085530e-02 5.021504198131792641e-04
1.839758147186225726e-02 3.745213138775112943e-02 7.446399952243544680e-03 5.096826761103769032e-04
1.867354519394019002e-02 2.521300763031357819e-02 5.383810329601489489e-03 5.173279162520326218e-04
1.895364837184928750e-02 1.779166120251664956e-02 6.114331394154489188e-03 5.250878349958128721e-04
1.923795309742702686e-02 2.628092205682557372e-02 6.191876558787986172e-03 5.329641525207500733e-04
1.952652239388842983e-02 5.839966941583337595e-02 9.073943727628347444e-03 5.409586148085612865e-04
1.981942022979675533e-02 5.837325328376821026e-02 8.107895330938448900e-03 5.490729940306897415e-04
2.011671153324370506e-02 5.738501903543311022e-02 8.094743518365123125e-03 5.573090889411499906e-04
2.041846220624235833e-02 9.108381784175639817e-02 1.002615074175205491e-02 5.656687252752672177e-04
2.072473913933599310e-02 8.915397499690413952e-02 9.339610704793154319e-03 5.741537561543961403e-04
2.103561022642602696e-02 1.093463145451972623e-01 1.118517188590947148e-02 5.827660624967119854e-04
2.135114437982241556e-02 9.125738398752024361e-02 9.513673814466581252e-03 5.915075534341625524e-04
2.167141154551974896e-02 1.028898937656555768e-01 1.016094767816237698e-02 6.003801667356749305e-04
2.199648271870254315e-02 1.157860296307090253e-01 1.082810885636661599e-02 6.093858692367100025e-04
2.232642995948307812e-02 9.613327791629315555e-02 9.077500323748103478e-03 6.185266572752605788e-04
2.266132640887532149e-02 7.030181571343920022e-02 6.418389036448595049e-03 6.278045571343894397e-04
2.300124630500845202e-02 7.834016214129545241e-02 7.064631186238802193e-03 6.372216254914052965e-04
2.334626499958357762e-02 6.568058350793107292e-02 5.874842343455562513e-03 6.467799498737763098e-04
2.369645897457732867e-02 6.317768116423665148e-02 5.862635590041033982e-03 6.564816491218828645e-04
2.405190585919598709e-02 4.704012904016120072e-02 4.547749165407394614e-03 6.663288738587110809e-04
2.441268444708392243e-02 3.888997166061963773e-02 4.300986073552993255e-03 6.763238069665915807e-04
2.477887471379017909e-02 2.985724197491820137e-02 3.672972531374589338e-03 6.864686640710904088e-04
2.515055783449703097e-02 2.784556722038791093e-02 3.371998368758651835e-03 6.967656940321567379e-04
2.552781620201448332e-02 2.147416036525291033e-02 2.953219574142667420e-03 7.072171794426390266e-04
2.591073344504469730e-02 1.774351415858684347e-02 2.549857423161719632e-03 7.178254371342784879e-04
2.629939444672036580e-02 1.284951384891720380e-02 2.141778432342244468e-03 7.285928186912926218e-04
2.669388536342116522e-02 1.063991997313178638e-02 1.793293456912112369e-03 7.395217109716618973e-04
2.709429364387248157e-02 9.348972695407334679e-03 1.750218159399556271e-03 7.506145366362367835e-04
2.750070804853056716e-02 8.658254195656991253e-03 1.477076806716545688e-03 7.618737546857802740e-04
2.791321866925852366e-02 7.690564969305355159e-03 1.462385950801580771e-03 7.733018610060669006e-04
2.833191694929739629e-02 8.813960766427639260e-03 1.474202521665609125e-03 7.849013889211578238e-04
2.875689570353685831e-02 9.297514377144454334e-03 1.493543664663353390e-03 7.966749097549751663e-04
2.918824913908990570e-02 7.167572780212609455e-03 1.408290226197108112e-03 8.086250334012996203e-04
2.962607287617625290e-02 9.862679088535693597e-03 1.590426322032139923e-03 8.207544089023191590e-04
3.007046396931889465e-02 1.293378642043963196e-02 1.971767880973078479e-03 8.330657250358538581e-04
3.052152092885867390e-02 1.733872168695235055e-02 2.155686133302971499e-03 8.455617109113914859e-04
3.097934374279154995e-02 1.816416839530012386e-02 2.274617667397688808e-03 8.582451365750623420e-04
3.144403389893342393e-02 1.687946746285981514e-02 2.204329127397684513e-03 8.711188136236882153e-04
3.191569440741742064e-02 1.494400884795607856e-02 1.879089255934536604e-03 8.841855958280434849e-04
3.239442982352867817e-02 1.826263078317555411e-02 2.234467117830718236e-03 8.974483797654639935e-04
3.288034627088160661e-02 1.857133927648606936e-02 2.466133052208703633e-03 9.109101054619459436e-04
3.337355146494482699e-02 1.201482255174801152e-02 1.897115449104876768e-03 9.245737570438750021e-04
3.387415473691899465e-02 1.540763672390083050e-02 2.194129450543722947e-03 9.384423633995329569e-04
3.438226705797277349e-02 1.546040321589449082e-02 2.201703580525942588e-03 9.525189988505257995e-04
3.489800106384236683e-02 1.188337137750593644e-02 1.738688278375352236e-03 9.668067838332837201e-04
3.542147107979999598e-02 9.985456763037595107e-03 1.517411309313454384e-03 9.813088855907827444e-04
3.595279314599699599e-02 6.511507420981591313e-03 1.217168872913251907e-03 9.960285188746445702e-04
3.649208504318694757e-02 5.194965899316088785e-03 1.027287854691003944e-03 1.010968946657764224e-03
3.703946631883474339e-02 3.404977062946244141e-03 9.856699573230708576e-04 1.026133480857630443e-03
3.759505831361725781e-02 2.882085332653718315e-03 7.550240381778312035e-04 1.041525483070494590e-03
3.815898418832151806e-02 1.732019645222247816e-03 7.334193253273282474e-04 1.057148365316552124e-03
3.873136895114633743e-02 3.937556984905598093e-03 9.181904062982046508e-04 1.073005590796300259e-03
3.931233948541353052e-02 3.712415368451103120e-03 8.431246178301725477e-04 1.089100674658244816e-03
3.990202457769472660e-02 4.810459776449817204e-03 1.043103835892866078e-03 1.105437184778118283e-03
4.050055494636014414e-02 6.313587289293804902e-03 1.300062865907409626e-03 1.122018742549789902e-03
4.110806327055554349e-02 5.641901491531374144e-03 1.268939519710092848e-03 1.138849023688036713e-03
4.172468421961386675e-02 8.546550765534984342e-03 1.434759503449392279e-03 1.155931759043356830e-03
4.235055448290807323e-02 6.872782222678030552e-03 1.268299828644475595e-03 1.173270735429007318e-03
4.298581280015168621e-02 8.423660894333826962e-03 1.533935815540478408e-03 1.190869796460442085e-03
4.363059999215396223e-02 5.231961220417385983e-03 1.241124241932900930e-03 1.208732843407348857e-03
4.428505899203626084e-02 4.058671102972459359e-03 9.221658661977854459e-04 1.226863836058458704e-03
4.494933487691681051e-02 3.969482952517691329e-03 8.821289345320113820e-04 1.245266793599335850e-03
4.562357490007055982e-02 4.743188106556751882e-03 1.084897297886939756e-03 1.263945795503325798e-03
4.630792852357160788e-02 1.908498373460144979e-03 6.384249882058188903e-04 1.282904982435875349e-03
4.700254745142518065e-02 8.250686739711461269e-04 5.908122028453049188e-04 1.302148557172413392e-03
4.770758566319655003e-02 8.997261613771350688e-04 3.791997950695090761e-04 1.321680785529999328e-03
4.842319944814449384e-02 2.592650938049496315e-03 8.301661168898066649e-04 1.341505997312949236e-03
4.914954743986665875e-02 1.689094740371460896e-03 5.237711661575581139e-04 1.361628587272643420e-03
4.988679065146466030e-02 2.114291920211482014e-03 6.154683615894158358e-04 1.382053016081733008e-03
5.063509251123662208e-02 4.032220896983315303e-03 1.084662812058426488e-03 1.402783811322958797e-03
5.139461889890516860e-02 3.264760783472148067e-03 8.851130433816386481e-04 1.423825568492803270e-03
5.216553818238874041e-02 3.092003259099494750e-03 9.229412551869238231e-04 1.445182952020195033e-03
5.294802125512455826e-02 1.851744534662019305e-03 6.861857055007221503e-04 1.466860696300497681e-03
5.374224157395142421e-02 1.871355502295900079e-03 6.025189162603247946e-04 1.488863606745004925e-03
5.454837519756069314e-02 2.222929593312578112e-03 7.845869927760787789e-04 1.511196560846180068e-03
5.536660082552409545e-02 1.256794000155789758e-03 1.005177925635278822e-03 1.533864509258872503e-03
5.619709983790695251e-02 2.435116298407243550e-03 8.062897935527957045e-04 1.556872476897755387e-03
5.704005633547555576e-02 2.306375653275587537e-03 9.321529651731776025e-04 1.580225564051221734e-03
5.789565718050768139e-02 8.132442669211215665e-04 1.355793859048340377e-03 1.603928947511990000e-03
5.876409203821528898e-02 9.120321102269049809e-04 6.806745814074051121e-04 1.627987881724669633e-03
5.964555341878850780e-02 5.801737112136402981e-04 4.288235374147747339e-04 1.652407699950539204e-03
6.054023672007033396e-02 1.583729050663874654e-03 9.220335740829065920e-04 1.677193815449797313e-03
