1.538750573636137910e-02 8.014134591979884537e-01 6.690496323469487250e-02 4.262921794567043699e-04
1.561831832240679827e-02 8.258457819236847408e-01 6.650258420546974192e-02 4.326865621485548622e-04
1.585259309724289939e-02 7.016936181954234186e-01 5.748954711629579439e-02 4.391768605807831738e-04
1.609038199370153854e-02 6.596110353646608138e-01 5.872190826143106057e-02 4.457645134894948173e-04
1.633173772360706211e-02 6.295636182923214363e-01 5.542559172298617415e-02 4.524509811918372179e-04
1.657671378946116644e-02 6.085011005979727994e-01 5.221405458895155699e-02 4.592377459097147260e-04
1.682536449630308434e-02 4.806868499485910662e-01 4.395491522566166709e-02 4.661263120983604770e-04
1.707774496374762918e-02 4.107511582408520101e-01 3.750303367018557876e-02 4.731182067798358408e-04
1.733391113820383772e-02 2.666385765658645934e-01 2.943147423068405780e-02 4.802149798815331938e-04
1.759391980527689331e-02 2.234449012828991776e-01 2.330704779579071198e-02 4.874182045797561722e-04
1.785782860235604619e-02 1.589522245109738774e-01 1.876085642606520679e-02 4.947294776484525416e-04
1.812569603139138619e-02 7.849329714581673723e-02 1.246762486427794268e-02 5.021504198131792641e-04
1.839758147186225726e-02 3.506183217760979604e-02 7.780554649455202580e-03 5.096826761103769032e-04
1.867354519394019002e-02 2.381779631137028591e-02 6.512145287492404448e-03 5.173279162520326218e-04
1.895364837184928750e-02 2.388802775116103186e-02 5.617644318569717243e-03 5.250878349958128721e-04
1.923795309742702686e-02 1.803410790806416267e-02 5.417826304466894123e-03 5.329641525207500733e-04
1.952652239388842983e-02 2.760183512165343550e-02 6.503258402158482339e-03 5.409586148085612865e-04
1.981942022979675533e-02 6.055425377716354418e-02 8.811232699323193543e-03 5.490729940306897415e-04
2.011671153324370506e-02 7.063480614560117832e-02 8.651234090695519505e-03 5.573090889411499906e-04
2.041846220624235833e-02 6.862170177167530027e-02 8.621400105139146938e-03 5.656687252752672177e-04
2.072473913933599310e-02 9.092503812791963291e-02 9.465431206283339213e-03 5.741537561543961403e-04
2.103561022642602696e-02 1.052503730811476246e-01 1.052438716775778819e-02 5.827660624967119854e-04
2.135114437982241556e-02 9.059922350801831448e-02 9.086333152797859691e-03 5.915075534341625524e-04
2.167141154551974896e-02 1.194318679677844192e-01 1.148715718147266807e-02 6.003801667356749305e-04
2.199648271870254315e-02 1.035046174818363002e-01 9.906519352791191141e-03 6.093858692367100025e-04
2.232642995948307812e-02 9.160863855599481187e-02 8.839493668427554976e-03 6.185266572752605788e-04
2.266132640887532149e-02 8.342592456650858856e-02 7.120670216126283487e-03 6.278045571343894397e-04
2.300124630500845202e-02 8.265189903013450690e-02 7.292619445516507551e-03 6.372216254914052965e-04
2.334626499958357762e-02 7.734441823678116223e-02 6.506394386700995423e-03 6.467799498737763098e-04
2.369645897457732867e-02 6.401298283622865182e-02 5.911364510843926737e-03 6.564816491218828645e-04
2.405190585919598709e-02 3.454953863188808816e-02 4.180550134060289670e-03 6.663288738587110809e-04
2.441268444708392243e-02 4.223317036196821278e-02 4.509540751096362439e-03 6.763238069665915807e-04
2.477887471379017909e-02 3.576819788497260372e-02 3.970510534569221366e-03 6.864686640710904088e-04
2.515055783449703097e-02 2.376980619908005202e-02 3.194408280664793199e-03 6.967656940321567379e-04
2.552781620201448332e-02 2.438171574364152855e-02 3.051791839188116012e-03 7.072171794426390266e-04
2.591073344504469730e-02 1.262903480084881340e-02 2.013203869598044916e-03 7.178254371342784879e-04
2.629939444672036580e-02 1.458173167523383641e-02 2.159339857859627655e-03 7.285928186912926218e-04
2.669388536342116522e-02 1.446272503226803986e-02 2.127247114109527461e-03 7.395217109716618973e-04
2.709429364387248157e-02 9.097259495679585820e-03 1.728271516078240880e-03 7.506145366362367835e-04
2.750070804853056716e-02 7.976553549146612673e-03 1.412529340431866983e-03 7.618737546857802740e-04
2.791321866925852366e-02 8.121685124929740179e-03 1.500490714195598001e-03 7.733018610060669006e-04
2.833191694929739629e-02 1.190160100974433505e-02 1.744859378986007153e-03 7.849013889211578238e-04
2.875689570353685831e-02 9.299666276627264333e-03 1.493889343702843511e-03 7.966749097549751663e-04
2.918824913908990570e-02 1.080682217910607437e-02 1.626850337996924066e-03 8.086250334012996203e-04
2.962607287617625290e-02 1.390062798353916204e-02 1.936412298701592526e-03 8.207544089023191590e-04
3.007046396931889465e-02 1.321649409176210363e-02 1.835599988838682636e-03 8.330657250358538581e-04
3.052152092885867390e-02 1.396473217013311473e-02 1.970357754091358639e-03 8.455617109113914859e-04
3.097934374279154995e-02 1.904395668763258706e-02 2.342290098850324537e-03 8.582451365750623420e-04
3.144403389893342393e-02 1.688337419705026460e-02 2.204839316951233159e-03 8.711188136236882153e-04
3.191569440741742064e-02 1.272635797567888555e-02 1.829307610982985628e-03 8.841855958280434849e-04
3.239442982352867817e-02 1.534046392782473928e-02 1.952385205938094543e-03 8.974483797654639935e-04
3.288034627088160661e-02 1.781170444480260212e-02 2.484042330074493887e-03 9.109101054619459436e-04
3.337355146494482699e-02 1.678877127401617528e-02 2.229867479465199274e-03 9.245737570438750021e-04
3.387415473691899465e-02 1.046872109698573916e-02 1.838625569266174979e-03 9.384423633995329569e-04
3.438226705797277349e-02 1.465008774558139958e-02 2.058832648210844399e-03 9.525189988505257995e-04
3.489800106384236683e-02 1.146393711768972298e-02 1.775738849907001994e-03 9.668067838332837201e-04
3.542147107979999598e-02 8.739296900275755550e-03 1.399475278844961729e-03 9.813088855907827444e-04
3.595279314599699599e-02 8.620166252933946643e-03 1.436020355549376057e-03 9.960285188746445702e-04
3.649208504318694757e-02 6.062196313207071988e-03 1.123419848265918728e-03 1.010968946657764224e-03
3.703946631883474339e-02 5.092732921337912201e-03 1.277721586080482214e-03 1.026133480857630443e-03
3.759505831361725781e-02 3.032895741684736492e-03 9.085954670856194199e-04 1.041525483070494590e-03
3.815898418832151806e-02 2.290318652588032612e-03 6.621330407025191253e-04 1.057148365316552124e-03
3.873136895114633743e-02 2.219295645222653986e-03 8.311633382476461438e-04 1.073005590796300259e-03
3.931233948541353052e-02 4.681954934100713769e-03 9.661540521979671871e-04 1.089100674658244816e-03
3.990202457769472660e-02 6.847238716417900113e-03 1.291669673333075124e-03 1.105437184778118283e-03
4.050055494636014414e-02 6.667516388855697709e-03 1.339751971114612038e-03 1.122018742549789902e-03
4.110806327055554349e-02 7.040040794378070281e-03 1.270838644803998219e-03 1.138849023688036713e-03
4.172468421961386675e-02 7.068975784203069580e-03 1.268627055833169287e-03 1.155931759043356830e-03
4.235055448290807323e-02 8.421106827696952027e-03 1.445465071057447197e-03 1.173270735429007318e-03
4.298581280015168621e-02 7.276663649381042050e-03 1.394926588293537474e-03 1.190869796460442085e-03
4.363059999215396223e-02 5.701403344646408487e-03 1.364635606933299952e-03 1.208732843407348857e-03
4.428505899203626084e-02 5.845839088230677348e-03 1.160389855912630436e-03 1.226863836058458704e-03
4.494933487691681051e-02 3.970401684983815467e-03 8.823331023042769311e-04 1.245266793599335850e-03
4.562357490007055982e-02 3.795428729784260363e-03 9.474612916256321994e-04 1.263945795503325798e-03
4.630792852357160788e-02 1.527152074648696015e-03 5.650495002879959029e-04 1.282904982435875349e-03
4.700254745142518065e-02 1.878177100820085108e-03 6.030088342220350220e-04 1.302148557172413392e-03
4.770758566319655003e-02 2.549814139023265196e-03 6.735879546871915112e-04 1.321680785529999328e-03
4.842319944814449384e-02 2.593251004259278670e-03 8.303582579250462373e-04 1.341505997312949236e-03
4.914954743986665875e-02 1.384439654028555818e-03 5.962322560136453214e-04 1.361628587272643420e-03
4.988679065146466030e-02 2.265837075806138422e-03 6.407823705546961991e-04 1.382053016081733008e-03
5.063509251123662208e-02 3.184069065850835076e-03 9.358968210972195938e-04 1.402783811322958797e-03
5.139461889890516860e-02 3.084098830502047736e-03 8.545192964312714381e-04 1.423825568492803270e-03
5.216553818238874041e-02 4.948350239768157383e-03 1.252803225726273209e-03 1.445182952020195033e-03
5.294802125512455826e-02 2.846858682752379660e-03 1.043474956377038292e-03 1.466860696300497681e-03
5.374224157395142421e-02 1.871788625469921396e-03 6.026583686012074474e-04 1.488863606745004925e-03
5.454837519756069314e-02 1.414918965042238214e-03 5.944731514707672290e-04 1.511196560846180068e-03
5.536660082552409545e-02 1.996546580066642807e-03 7.654286565055987623e-04 1.533864509258872503e-03
5.619709983790695251e-02 1.217839951698920916e-03 5.349724868362558654e-04 1.556872476897755387e-03
5.704005633547555576e-02 2.563232734872646166e-03 1.000111076969743872e-03 1.580225564051221734e-03
5.789565718050768139e-02 1.331071349584559511e-03 9.652972029355760559e-04 1.603928947511990000e-03
5.876409203821528898e-02 4.561215995281578915e-04 4.689419491089636305e-04 1.627987881724669633e-03
6.054023672007033396e-02 3.960239007529559063e-04 4.132613162063635014e-04 1.677193815449797313e-03
