1.538750573636137910e-02 7.505017292779322391e-01 6.535651776485189302e-02 4.262921794567043699e-04
1.561831832240679827e-02 7.888846638037037007e-01 6.553816629897814272e-02 4.326865621485548622e-04
1.585259309724289939e-02 7.949825841208874033e-01 6.264604263968745479e-02 4.391768605807831738e-04
1.609038199370153854e-02 7.739488569157428888e-01 6.569433202087719692e-02 4.457645134894948173e-04
1.633173772360706211e-02 5.919079490270925392e-01 5.443142287093833548e-02 4.524509811918372179e-04
1.657671378946116644e-02 6.021359250023702314e-01 5.149938113637358983e-02 4.592377459097147260e-04
1.682536449630308434e-02 5.102722019818436427e-01 4.527316291413708421e-02 4.661263120983604770e-04
1.707774496374762918e-02 3.918490007192378388e-01 3.597088689315713211e-02 4.731182067798358408e-04
1.733391113820383772e-02 3.307441604445174321e-01 3.176203702201364082e-02 4.802149798815331938e-04
1.759391980527689331e-02 2.014013517568737366e-01 2.212404903082540800e-02 4.874182045797561722e-04
1.785782860235604619e-02 1.730729187659363899e-01 1.974940424513689161e-02 4.947294776484525416e-04
1.812569603139138619e-02 7.627371775219268790e-02 1.190652868824087357e-02 5.021504198131792641e-04
1.839758147186225726e-02 2.821544387291097244e-02 7.719430855313277016e-03 5.096826761103769032e-04
1.867354519394019002e-02 1.365122803860923696e-02 7.775719787733657330e-03 5.173279162520326218e-04
1.895364837184928750e-02 9.292583459342180704e-03 4.685214064695910133e-03 5.250878349958128721e-04
1.923795309742702686e-02 1.832771627033300335e-02 4.256099081414977357e-03 5.329641525207500733e-04
1.952652239388842983e-02 3.431924570322797408e-02 7.096230622763552778e-03 5.409586148085612865e-04
1.981942022979675533e-02 5.848376596571164265e-02 7.831281550582193385e-03 5.490729940306897415e-04
2.011671153324370506e-02 8.141112857866684982e-02 9.446562875943316506e-03 5.573090889411499906e-04
2.041846220624235833e-02 8.305861206523977580e-02 9.014008231047632852e-03 5.656687252752672177e-04
2.072473913933599310e-02 1.037904951686251936e-01 1.025135299867483904e-02 5.741537561543961403e-04
2.103561022642602696e-02 1.196488877097143938e-01 1.163904974092744120e-02 5.827660624967119854e-04
2.135114437982241556e-02 9.469754079660358537e-02 9.275784652785728709e-03 5.915075534341625524e-04
2.167141154551974896e-02 1.199097929673898638e-01 1.151704632407969317e-02 6.003801667356749305e-04
2.199648271870254315e-02 1.197817121009725899e-01 1.102196146561006292e-02 6.093858692367100025e-04
2.232642995948307812e-02 1.045097159360638406e-01 9.729611598141757467e-03 6.185266572752605788e-04
2.266132640887532149e-02 8.453091677829538408e-02 7.256714553110846233e-03 6.278045571343894397e-04
2.300124630500845202e-02 8.438539930971100667e-02 7.295464155493349735e-03 6.372216254914052965e-04
2.334626499958357762e-02 7.141050662945011562e-02 6.491485982251025272e-03 6.467799498737763098e-04
2.369645897457732867e-02 6.540615269716343327e-02 6.272265020473936740e-03 6.564816491218828645e-04
2.405190585919598709e-02 4.423750053614951966e-02 4.469844645022834351e-03 6.663288738587110809e-04
2.441268444708392243e-02 3.698526812139989878e-02 3.993789897859520432e-03 6.763238069665915807e-04
2.477887471379017909e-02 3.643208577640462409e-02 4.014325017409320524e-03 6.864686640710904088e-04
2.515055783449703097e-02 2.499353128525944392e-02 3.276719428789985709e-03 6.967656940321567379e-04
2.552781620201448332e-02 2.436568997116817653e-02 3.049785937627902139e-03 7.072171794426390266e-04
2.591073344504469730e-02 1.821401370645425385e-02 2.794365813789051814e-03 7.178254371342784879e-04
2.629939444672036580e-02 1.083569927431130703e-02 2.104989374826194207e-03 7.285928186912926218e-04
2.669388536342116522e-02 1.308970766348312859e-02 2.010851317933309151e-03 7.395217109716618973e-04
2.709429364387248157e-02 1.014840557009329992e-02 1.693322076419304188e-03 7.506145366362367835e-04
2.750070804853056716e-02 7.439889957010320694e-03 1.600167945635371436e-03 7.618737546857802740e-04
2.791321866925852366e-02 5.756527942768222862e-03 1.283381573611620981e-03 7.733018610060669006e-04
2.833191694929739629e-02 1.101275763716349013e-02 1.669264071940324088e-03 7.849013889211578238e-04
2.875689570353685831e-02 8.378279500438999897e-03 1.611786832624462467e-03 7.966749097549751663e-04
2.918824913908990570e-02 9.493870624919903758e-03 1.610393323444490486e-03 8.086250334012996203e-04
2.962607287617625290e-02 1.180029905152081733e-02 1.946549451437552163e-03 8.207544089023191590e-04
3.007046396931889465e-02 1.111132975619926432e-02 1.658699502874868507e-03 8.330657250358538581e-04
3.052152092885867390e-02 1.813177877876394686e-02 2.281687991366269149e-03 8.455617109113914859e-04
3.097934374279154995e-02 1.746371542079504929e-02 2.292731568391058721e-03 8.582451365750623420e-04
3.144403389893342393e-02 1.624608938383058018e-02 2.156125828914152651e-03 8.711188136236882153e-04
3.191569440741742064e-02 1.724727839542983254e-02 2.108454580693649473e-03 8.841855958280434849e-04
3.239442982352867817e-02 1.603841048562535190e-02 2.064898206936055438e-03 8.974483797654639935e-04
3.288034627088160661e-02 2.000992896593364878e-02 2.585466043218433846e-03 9.109101054619459436e-04
3.337355146494482699e-02 1.785323215430697358e-02 2.318760407129515436e-03 9.245737570438750021e-04
3.387415473691899465e-02 1.750121957842696099e-02 2.377918827755092033e-03 9.384423633995329569e-04
3.438226705797277349e-02 1.184674777211384977e-02 1.886885392222699452e-03 9.525189988505257995e-04
3.489800106384236683e-02 1.129413004326710289e-02 1.684883818017467649e-03 9.668067838332837201e-04
3.542147107979999598e-02 9.981203061086796335e-03 1.516764907691599490e-03 9.813088855907827444e-04
3.595279314599699599e-02 9.188800356346378193e-03 1.491951966352387257e-03 9.960285188746445702e-04
3.649208504318694757e-02 5.019661133995475220e-03 1.007104910851270478e-03 1.010968946657764224e-03
3.703946631883474339e-02 3.817039152576102295e-03 9.044811619626344414e-04 1.026133480857630443e-03
3.759505831361725781e-02 2.850848660653961236e-03 8.863129847599572749e-04 1.041525483070494590e-03
3.815898418832151806e-02 2.817000931777682415e-03 7.408027841913593500e-04 1.057148365316552124e-03
3.873136895114633743e-02 3.373611108085827932e-03 8.421406177862483843e-04 1.073005590796300259e-03
3.931233948541353052e-02 4.678877548354225431e-03 9.655190121877590178e-04 1.089100674658244816e-03
3.990202457769472660e-02 6.842738118884328716e-03 1.290820676301315329e-03 1.105437184778118283e-03
4.050055494636014414e-02 7.719842383524904740e-03 1.455252105245010601e-03 1.122018742549789902e-03
4.110806327055554349e-02 5.834926251445586402e-03 1.211912906460307958e-03 1.138849023688036713e-03
4.172468421961386675e-02 8.871483485163547678e-03 1.470367804685111498e-03 1.155931759043356830e-03
4.235055448290807323e-02 6.011122677078259598e-03 1.166006852143462160e-03 1.173270735429007318e-03
4.298581280015168621e-02 1.011046584444926823e-02 1.803464747839021460e-03 1.190869796460442085e-03
4.363059999215396223e-02 4.789333935872586677e-03 1.021518832078131128e-03 1.208732843407348857e-03
4.428505899203626084e-02 5.192885953020805884e-03 1.075239010923857491e-03 1.226863836058458704e-03
4.494933487691681051e-02 6.189755509981925523e-03 1.158429925167314386e-03 1.245266793599335850e-03
4.562357490007055982e-02 3.413640641165077098e-03 8.893290589082249870e-04 1.263945795503325798e-03
4.630792852357160788e-02 3.433833670983381554e-03 8.918527566821127456e-04 1.282904982435875349e-03
4.700254745142518065e-02 1.507241785151434629e-03 6.961272029605687596e-04 1.302148557172413392e-03
4.770758566319655003e-02 2.847919143052540271e-03 7.181872464628395172e-04 1.321680785529999328e-03
4.842319944814449384e-02 3.671357535145868684e-03 1.025473054750550067e-03 1.341505997312949236e-03
4.914954743986665875e-02 1.406979336143777352e-03 4.725909200476894017e-04 1.361628587272643420e-03
4.988679065146466030e-02 1.182492725219679280e-03 5.945304355029442690e-04 1.382053016081733008e-03
5.063509251123662208e-02 4.030503212324258386e-03 1.084200756848624795e-03 1.402783811322958797e-03
5.139461889890516860e-02 3.444668363874262874e-03 9.151238379315630028e-04 1.423825568492803270e-03
5.216553818238874041e-02 3.674482360349988746e-03 1.162438585237625301e-03 1.445182952020195033e-03
5.294802125512455826e-02 3.907573166658471868e-03 1.097161950735964925e-03 1.466860696300497681e-03
5.374224157395142421e-02 2.026438184426134718e-03 6.319561686334579246e-04 1.488863606745004925e-03
5.454837519756069314e-02 2.221982648153037268e-03 7.842527667811201916e-04 1.511196560846180068e-03
5.536660082552409545e-02 1.995234276963734742e-03 7.649255505871015853e-04 1.533864509258872503e-03
5.619709983790695251e-02 1.217039481946090946e-03 5.346208566456783036e-04 1.556872476897755387e-03
5.704005633547555576e-02 1.536928773968106090e-03 7.190851510252061797e-04 1.580225564051221734e-03
5.789565718050768139e-02 1.330196454363135076e-03 9.646627261208160636e-04 1.603928947511990000e-03
5.876409203821528898e-02 2.734930781765369454e-03 1.293455436345566228e-03 1.627987881724669633e-03
5.964555341878850780e-02 2.899632815878365054e-04 2.966017526784467655e-04 1.652407699950539204e-03
6.054023672007033396e-02 1.583054398365816651e-03 9.216407972569836760e-04 1.677193815449797313e-03
