1.538750573636137910e-02 8.129051653542630484e-01 6.747248551560336427e-02 4.262921794567043699e-04
1.561831832240679827e-02 7.420329624194773599e-01 6.292280790261320367e-02 4.326865621485548622e-04
1.585259309724289939e-02 6.550788306843223774e-01 5.679347797472418524e-02 4.391768605807831738e-04
1.609038199370153854e-02 6.799901539541192141e-01 6.074699486535466153e-02 4.457645134894948173e-04
1.633173772360706211e-02 5.536711517627346257e-01 5.085538774702635934e-02 4.524509811918372179e-04
1.657671378946116644e-02 6.520791231669365029e-01 5.553255307111169825e-02 4.592377459097147260e-04
1.682536449630308434e-02 4.606875982253751389e-01 4.170304564226894745e-02 4.661263120983604770e-04
1.707774496374762918e-02 3.882935572591175166e-01 3.654809009337108699e-02 4.731182067798358408e-04
1.733391113820383772e-02 2.885388224095122855e-01 2.923266362811830291e-02 4.802149798815331938e-04
1.759391980527689331e-02 2.114574628978071469e-01 2.214722757927665986e-02 4.874182045797561722e-04
1.785782860235604619e-02 1.627064919756832373e-01 1.900224456644979479e-02 4.947294776484525416e-04
1.812569603139138619e-02 1.012468138091885683e-01 1.300472228486343994e-02 5.021504198131792641e-04
1.839758147186225726e-02 2.612125182059912495e-02 6.947138785437984888e-03 5.096826761103769032e-04
1.867354519394019002e-02 1.867975096834665130e-02 5.335297842860366700e-03 5.173279162520326218e-04
1.895364837184928750e-02 1.054781728070490303e-02 6.957069484335685894e-03 5.250878349958128721e-04
1.923795309742702686e-02 2.315692454281791449e-02 6.797411513373784187e-03 5.329641525207500733e-04
1.952652239388842983e-02 5.358940724580716491e-02 8.309183891956894996e-03 5.409586148085612865e-04
1.981942022979675533e-02 6.225334540315523302e-02 8.402850746006508206e-03 5.490729940306897415e-04
2.011671153324370506e-02 6.021559879023218043e-02 8.073185009122843189e-03 5.573090889411499906e-04
2.041846220624235833e-02 8.285044688269180280e-02 8.991416923268120281e-03 5.656687252752672177e-04
2.072473913933599310e-02 9.625997961059219732e-02 1.006423304158965415e-02 5.741537561543961403e-04
2.103561022642602696e-02 1.288295229002485998e-01 1.225288241334030435e-02 5.827660624967119854e-04
2.135114437982241556e-02 1.030936652668206638e-01 9.858417049457638900e-03 5.915075534341625524e-04
2.167141154551974896e-02 1.247895629159458258e-01 1.165631657609759141e-02 6.003801667356749305e-04
2.199648271870254315e-02 1.045772002168759846e-01 1.005543009847088658e-02 6.093858692367100025e-04
2.232642995948307812e-02 8.946139558751808885e-02 8.760510736936094611e-03 6.185266572752605788e-04
2.266132640887532149e-02 8.003165172637140279e-02 6.765592323195313354e-03 6.278045571343894397e-04
2.300124630500845202e-02 7.554251652339927237e-02 6.907593495521188384e-03 6.372216254914052965e-04
2.334626499958357762e-02 7.191825388421832499e-02 6.129806954727113136e-03 6.467799498737763098e-04
2.369645897457732867e-02 6.217441248671105175e-02 5.798088825418067950e-03 6.564816491218828645e-04
2.405190585919598709e-02 5.262341435000476852e-02 4.949127467899964647e-03 6.663288738587110809e-04
2.441268444708392243e-02 4.885773313481633212e-02 4.750543933962954150e-03 6.763238069665915807e-04
2.477887471379017909e-02 3.314096112839184233e-02 3.993510023116134469e-03 6.864686640710904088e-04
2.515055783449703097e-02 2.590958340434363141e-02 3.234767535260606175e-03 6.967656940321567379e-04
2.552781620201448332e-02 1.825477140277435503e-02 2.708987816990564984e-03 7.072171794426390266e-04
2.591073344504469730e-02 1.773919096146629043e-02 2.433151413978552110e-03 7.178254371342784879e-04
2.629939444672036580e-02 9.410886023418390742e-03 1.985409435106061903e-03 7.285928186912926218e-04
2.669388536342116522e-02 9.157965745371093522e-03 1.933516219987127614e-03 7.395217109716618973e-04
2.709429364387248157e-02 1.062911974458516894e-02 1.735199785177787574e-03 7.506145366362367835e-04
2.750070804853056716e-02 9.087237274729664110e-03 1.514810804092610102e-03 7.618737546857802740e-04
2.791321866925852366e-02 9.165961949868552117e-03 1.587427267375155849e-03 7.733018610060669006e-04
2.833191694929739629e-02 8.568422440382465755e-03 1.449460868426625821e-03 7.849013889211578238e-04
2.875689570353685831e-02 9.059574045940389439e-03 1.470149710024337090e-03 7.966749097549751663e-04
2.918824913908990570e-02 1.077265226541640128e-02 1.621706426612609057e-03 8.086250334012996203e-04
2.962607287617625290e-02 1.452716012973099061e-02 1.984495781621316898e-03 8.207544089023191590e-04
3.007046396931889465e-02 1.338382737879227104e-02 1.846851752838214343e-03 8.330657250358538581e-04
3.052152092885867390e-02 1.666303518723533800e-02 2.101738133589259577e-03 8.455617109113914859e-04
3.097934374279154995e-02 1.629256010969270738e-02 2.274399058533604044e-03 8.582451365750623420e-04
3.144403389893342393e-02 2.036949418108164808e-02 2.458849306010467764e-03 8.711188136236882153e-04
3.191569440741742064e-02 1.253651825673263859e-02 1.750161713490821407e-03 8.841855958280434849e-04
3.239442982352867817e-02 1.375662190096222162e-02 1.945661327044684741e-03 8.974483797654639935e-04
3.288034627088160661e-02 2.164313406495062958e-02 2.716874995218119485e-03 9.109101054619459436e-04
3.337355146494482699e-02 1.759392749948590629e-02 2.295012398740624640e-03 9.245737570438750021e-04
3.387415473691899465e-02 1.373312103243054354e-02 2.040508548622747397e-03 9.384423633995329569e-04
3.438226705797277349e-02 1.432156749920311840e-02 2.173495053661941758e-03 9.525189988505257995e-04
3.489800106384236683e-02 1.223701593370177428e-02 1.768533853620742535e-03 9.668067838332837201e-04
3.542147107979999598e-02 8.000507994643092299e-03 1.325710229217518356e-03 9.813088855907827444e-04
3.595279314599699599e-02 8.020049604681774719e-03 1.373725213137986113e-03 9.960285188746445702e-04
3.649208504318694757e-02 4.834422683340284209e-03 9.846657744222975760e-04 1.010968946657764224e-03
3.703946631883474339e-02 3.807472719520795489e-03 9.022143111026263316e-04 1.026133480857630443e-03
3.759505831361725781e-02 3.053239801962766287e-03 7.781423703308963788e-04 1.041525483070494590e-03
3.815898418832151806e-02 4.039289955958048559e-03 9.044265009291082560e-04 1.057148365316552124e-03
3.873136895114633743e-02 3.520950274001751965e-03 9.908744132097503654e-04 1.073005590796300259e-03
3.931233948541353052e-02 4.023406153132303917e-03 8.824059129570487785e-04 1.089100674658244816e-03
3.990202457769472660e-02 6.794842650349886513e-03 1.371900974991453357e-03 1.105437184778118283e-03
4.050055494636014414e-02 4.918947102817043844e-03 1.041898748504990931e-03 1.122018742549789902e-03
4.110806327055554349e-02 4.817762356558703309e-03 1.095565714691753212e-03 1.138849023688036713e-03
4.172468421961386675e-02 7.538249471197890073e-03 1.320607148187219774e-03 1.155931759043356830e-03
4.235055448290807323e-02 9.422375811270970736e-03 1.555024527482826635e-03 1.173270735429007318e-03
4.298581280015168621e-02 7.571798479256641561e-03 1.594826435642078977e-03 1.190869796460442085e-03
4.363059999215396223e-02 7.413099353453158485e-03 1.351386820770864028e-03 1.208732843407348857e-03
4.428505899203626084e-02 5.179871311606952869e-03 1.072544199158692721e-03 1.226863836058458704e-03
4.494933487691681051e-02 5.197973361335056323e-03 1.117340516418403569e-03 1.245266793599335850e-03
4.562357490007055982e-02 3.972599427271686183e-03 9.725592925330911855e-04 1.263945795503325798e-03
4.630792852357160788e-02 2.664065945742324915e-03 7.690348504568929886e-04 1.282904982435875349e-03
4.700254745142518065e-02 5.106105064006641239e-04 3.001348440096107055e-04 1.302148557172413392e-03
4.770758566319655003e-02 1.619743872846603032e-03 6.513953118172405733e-04 1.321680785529999328e-03
4.842319944814449384e-02 2.154209538723830981e-03 7.437313838007820338e-04 1.341505997312949236e-03
4.914954743986665875e-02 1.543798412245685377e-03 4.972169049738333702e-04 1.361628587272643420e-03
4.988679065146466030e-02 1.932420030346284527e-03 7.044507291068894663e-04 1.382053016081733008e-03
5.063509251123662208e-02 4.232001880170056622e-03 1.117511411139157510e-03 1.402783811322958797e-03
5.139461889890516860e-02 2.501674738520523553e-03 8.883204151111489654e-04 1.423825568492803270e-03
5.216553818238874041e-02 2.843155854066264747e-03 1.027378241773127358e-03 1.445182952020195033e-03
5.294802125512455826e-02 3.863588782067329998e-03 1.213474275332942186e-03 1.466860696300497681e-03
5.374224157395142421e-02 1.554891873111918137e-03 5.393723822149726560e-04 1.488863606745004925e-03
5.454837519756069314e-02 1.208952990846781910e-03 5.411095133811511882e-04 1.511196560846180068e-03
5.536660082552409545e-02 2.395651714687442417e-03 1.034953463286199466e-03 1.533864509258872503e-03
5.619709983790695251e-02 1.382598906256714711e-03 7.816000303896467700e-04 1.556872476897755387e-03
5.704005633547555576e-02 1.022051236542114837e-03 5.618838212138962561e-04 1.580225564051221734e-03
5.789565718050768139e-02 8.845751046196441859e-04 7.361590848847497388e-04 1.603928947511990000e-03
5.964555341878850780e-02 2.892365627330050577e-04 2.958583961925249938e-04 1.652407699950539204e-03
6.054023672007033396e-02 3.947717192805949701e-04 4.119546320329758892e-04 1.677193815449797313e-03
