1.538750573636137910e-02 4.746870324914826966e-01 4.803996703170577282e-02 4.250814014083180480e-04
1.561831832240679827e-02 4.071072354012676975e-01 4.399464878338365387e-02 4.314576224294427846e-04
1.585259309724289939e-02 3.907422822523545780e-01 4.150932381376946229e-02 4.379294867658844233e-04
1.609038199370153854e-02 4.892750713806633400e-01 4.664609471952266967e-02 4.444984290673725455e-04
1.633173772360706211e-02 3.400483528296106561e-01 3.584882034134696804e-02 4.511659055033831662e-04
1.657671378946116644e-02 4.027338667804976069e-01 3.832136840951232831e-02 4.579333940859338565e-04
1.682536449630308434e-02 4.019994823550486762e-01 3.786067313507343601e-02 4.648023949972228635e-04
1.707774496374762918e-02 2.873694423232284190e-01 2.894596694925587882e-02 4.717744309221811845e-04
1.733391113820383772e-02 2.952036336070040234e-01 2.908065634994326520e-02 4.788510473860137055e-04
1.759391980527689331e-02 2.776167596926503167e-01 2.640908274517602544e-02 4.860338130968038894e-04
1.785782860235604619e-02 2.137002576838493151e-01 2.194114570671650000e-02 4.933243202932559562e-04
1.812569603139138619e-02 1.800176414540585745e-01 1.844235377422953973e-02 5.007241850976547858e-04
1.839758147186225726e-02 1.374120030007713045e-01 1.508105159551776341e-02 5.082350478741196010e-04
1.867354519394019002e-02 1.207682072227888176e-01 1.385326295201853332e-02 5.158585735922313360e-04
1.895364837184928750e-02 1.107168818590356651e-01 1.243014268013502982e-02 5.235964521961146249e-04
1.923795309742702686e-02 8.152871449287223127e-02 1.032989811316201503e-02 5.314503989790564332e-04
1.952652239388842983e-02 9.427973227206531970e-02 1.149604713273726445e-02 5.394221549637421556e-04
1.981942022979675533e-02 4.704758517605894114e-02 7.194455288783489083e-03 5.475134872881983047e-04
2.011671153324370506e-02 4.540385577646422616e-02 6.690812286761333404e-03 5.557261895975211530e-04
2.041846220624235833e-02 3.583320243188782561e-02 5.307996826278321527e-03 5.640620824414839182e-04
2.072473913933599310e-02 4.029423834617525124e-02 5.499864475928994273e-03 5.725230136781061943e-04
2.103561022642602696e-02 4.949722911405318726e-02 6.414653949887704279e-03 5.811108588832775666e-04
2.135114437982241556e-02 3.815725514428425225e-02 5.232751329921026158e-03 5.898275217665267019e-04
2.167141154551974896e-02 5.953473659283546604e-02 7.070127268119614020e-03 5.986749345930246014e-04
2.199648271870254315e-02 5.307798296127283488e-02 6.180916389142501917e-03 6.076550586119199189e-04
2.232642995948307812e-02 5.953305457709954368e-02 6.462543232103864187e-03 6.167698844910986114e-04
2.266132640887532149e-02 5.937728391951166418e-02 5.718726772290474124e-03 6.260214327584649567e-04
2.300124630500845202e-02 5.872938236643699544e-02 5.898295192908653908e-03 6.354117542498419506e-04
2.334626499958357762e-02 6.506240339488930657e-02 5.759648676162736070e-03 6.449429305635895294e-04
2.369645897457732867e-02 7.501938490532189530e-02 6.711318244419168036e-03 6.546170745220432916e-04
2.405190585919598709e-02 6.961307525152887754e-02 5.825177185895782234e-03 6.644363306398738981e-04
2.441268444708392243e-02 5.272531199264447049e-02 4.996537715539246458e-03 6.744028755994718868e-04
2.477887471379017909e-02 6.333623921317638183e-02 5.714982679984450219e-03 6.845189187334639342e-04
2.515055783449703097e-02 5.021780986092396620e-02 4.796679052581546629e-03 6.947867025144658423e-04
2.552781620201448332e-02 5.318908111968056324e-02 5.012684330554014606e-03 7.052085030521828375e-04
2.591073344504469730e-02 4.854839950126478565e-02 4.502631315681970142e-03 7.157866305979654949e-04
2.629939444672036580e-02 3.676611855545901947e-02 3.737157859619821571e-03 7.265234300569349112e-04
2.669388536342116522e-02 3.250064276667446322e-02 3.434839336720982121e-03 7.374212815077886909e-04
2.709429364387248157e-02 2.384247010861999944e-02 2.848887361752312601e-03 7.484826007304054910e-04
2.750070804853056716e-02 1.984436572307713906e-02 2.371545483941975545e-03 7.597098397413615299e-04
2.791321866925852366e-02 1.675856672323531096e-02 2.101738552257292111e-03 7.711054873374819036e-04
2.833191694929739629e-02 1.522058857200847895e-02 2.011646007695284694e-03 7.826720696475440156e-04
2.875689570353685831e-02 1.142297368242816552e-02 1.678677509447940811e-03 7.944121506922571579e-04
2.918824913908990570e-02 1.056862519053308747e-02 1.700331485993474868e-03 8.063283329526408630e-04
2.962607287617625290e-02 1.301491852314715439e-02 1.864267750598439270e-03 8.184232579469305057e-04
3.007046396931889465e-02 1.382268117158867889e-02 1.964063994964155169e-03 8.306996068161344058e-04
3.052152092885867390e-02 1.861230771741556947e-02 2.252410591513940522e-03 8.431601009183763281e-04
3.097934374279154995e-02 2.015563516932353250e-02 2.427294744837363641e-03 8.558075024321518598e-04
3.144403389893342393e-02 1.954569410673724986e-02 2.524560763609498895e-03 8.686446149686340807e-04
3.191569440741742064e-02 1.856510811165814137e-02 2.154799765507624081e-03 8.816742841931635112e-04
3.239442982352867817e-02 1.624764775764996061e-02 2.082241633310523681e-03 8.948993984560608961e-04
3.288034627088160661e-02 2.338022117484340329e-02 2.930051567268641705e-03 9.083228894329017141e-04
3.337355146494482699e-02 1.766480676492294608e-02 2.304258133838509286e-03 9.219477327743950913e-04
3.387415473691899465e-02 2.072162027194967421e-02 2.791763750635614921e-03 9.357769487660108848e-04
3.438226705797277349e-02 1.636261037910975713e-02 2.210104218117141164e-03 9.498136029975009793e-04
3.489800106384236683e-02 1.342393592104333504e-02 1.944845550664132082e-03 9.640608070424635471e-04
3.542147107979999598e-02 1.552996208406151601e-02 2.008691180576416616e-03 9.785217191481002195e-04
3.595279314599699599e-02 9.554188270190801940e-03 1.608944034125719567e-03 9.931995449353218583e-04
3.649208504318694757e-02 1.074791863854127408e-02 1.590528324018481441e-03 1.008097538109351465e-03
3.703946631883474339e-02 7.072201430395757410e-03 1.288160633123081522e-03 1.023219001180991627e-03
3.759505831361725781e-02 5.229450840508917744e-03 1.053858167275983828e-03 1.038567286198706233e-03
3.815898418832151806e-02 7.758467820241390228e-03 1.329926538609738779e-03 1.054145795491686884e-03
3.873136895114633743e-02 4.661372498879524928e-03 1.124073351763854979e-03 1.069957982424062093e-03
3.931233948541353052e-02 5.009122515146857864e-03 1.006303996797677878e-03 1.086007352160422946e-03
3.990202457769472660e-02 5.896123758989708398e-03 1.274744744258473608e-03 1.102297462442829168e-03
4.050055494636014414e-02 8.995605267569614302e-03 1.525503479179835019e-03 1.118831924379471441e-03
4.110806327055554349e-02 7.717105649926781809e-03 1.348078370570399186e-03 1.135614403245163457e-03
4.172468421961386675e-02 6.745942327561543425e-03 1.231790907826008780e-03 1.152648619293840642e-03
4.235055448290807323e-02 1.135240199056970593e-02 1.766250760090446771e-03 1.169938348583248128e-03
4.298581280015168621e-02 7.250935468487883923e-03 1.479932054148687913e-03 1.187487423811996656e-03
4.363059999215396223e-02 7.277564722786782937e-03 1.336722403125479219e-03 1.205299735169176574e-03
4.428505899203626084e-02 6.825970002920566347e-03 1.284903793705157804e-03 1.223379231196714033e-03
4.494933487691681051e-02 7.152826329872113281e-03 1.271662248648897054e-03 1.241729919664664962e-03
4.562357490007055982e-02 4.938271030540992632e-03 1.112786345929958664e-03 1.260355868459634831e-03
4.630792852357160788e-02 4.585368784632406179e-03 1.061274993109624773e-03 1.279261206486529117e-03
4.700254745142518065e-02 4.272229688326053057e-03 9.758176176767888654e-04 1.298450124583827017e-03
4.770758566319655003e-02 2.852225993805289263e-03 7.192733465688023933e-04 1.317926876452583983e-03
4.842319944814449384e-02 3.244332048698807518e-03 9.506568159359624851e-04 1.337695779599372761e-03
4.914954743986665875e-02 2.113660623978338027e-03 5.959213394186609449e-04 1.357761216293363292e-03
4.988679065146466030e-02 2.242574631451208812e-03 7.502032096883165828e-04 1.378127634537763737e-03
5.063509251123662208e-02 5.311313764662485039e-03 1.298057332676137319e-03 1.398799549055829931e-03
5.139461889890516860e-02 2.693325546616811596e-03 9.194634761202806006e-04 1.419781542291667252e-03
5.216553818238874041e-02 3.301717418472953792e-03 9.622191972147351542e-04 1.441078265426042190e-03
5.294802125512455826e-02 4.119455274574624487e-03 1.137185336031194165e-03 1.462694439407432375e-03
5.374224157395142421e-02 1.873387131759435189e-03 6.031730384627123241e-04 1.484634855998543832e-03
5.454837519756069314e-02 2.629950709162815967e-03 8.745879491351604609e-04 1.506904378838522067e-03
5.536660082552409545e-02 3.552447341457109359e-03 1.114168249250886656e-03 1.529507944521099616e-03
5.619709983790695251e-02 1.625173314985472756e-03 6.321487042818478130e-04 1.552450563688915998e-03
5.704005633547555576e-02 2.009580358291812845e-03 1.085381657700891424e-03 1.575737322144249658e-03
5.789565718050768139e-02 2.220346806110247342e-03 1.391196291216107361e-03 1.599373381976413244e-03
5.876409203821528898e-02 3.195577889577889442e-03 1.428611952134262479e-03 1.623363982706059168e-03
5.964555341878850780e-02 2.032812510523780963e-03 8.841440873472527053e-04 1.647714442446649840e-03
6.054023672007033396e-02 7.927242098220402440e-04 6.083593718884082457e-04 1.672430159083349499e-03
