1.538750573636137910e-02 4.375732547458912047e-01 4.486500954027155402e-02 4.250814014083180480e-04
1.561831832240679827e-02 5.032246209662137870e-01 4.746666402273159308e-02 4.314576224294427846e-04
1.585259309724289939e-02 4.819701476262435724e-01 4.434572244058710561e-02 4.379294867658844233e-04
1.609038199370153854e-02 4.460775200407194330e-01 4.374739789333424028e-02 4.444984290673725455e-04
1.633173772360706211e-02 4.009030619259998929e-01 3.954305931750732445e-02 4.511659055033831662e-04
1.657671378946116644e-02 3.564782476872438988e-01 3.605494132766322302e-02 4.579333940859338565e-04
1.682536449630308434e-02 3.425838004242474644e-01 3.350337289841300026e-02 4.648023949972228635e-04
1.707774496374762918e-02 3.159568936257469707e-01 3.058418726153794287e-02 4.717744309221811845e-04
1.733391113820383772e-02 2.859695031320622638e-01 2.847313481048553349e-02 4.788510473860137055e-04
1.759391980527689331e-02 2.270596912275141543e-01 2.357818694632870388e-02 4.860338130968038894e-04
1.785782860235604619e-02 2.125362349436105969e-01 2.219314315968852133e-02 4.933243202932559562e-04
1.812569603139138619e-02 1.826168795838891690e-01 1.889622443379657818e-02 5.007241850976547858e-04
1.839758147186225726e-02 1.497680736393009471e-01 1.625148743380126423e-02 5.082350478741196010e-04
1.867354519394019002e-02 1.127943674438191130e-01 1.299608931478417329e-02 5.158585735922313360e-04
1.895364837184928750e-02 9.827090446070843588e-02 1.178858217703409803e-02 5.235964521961146249e-04
1.923795309742702686e-02 8.172023035462526452e-02 1.035416366611803876e-02 5.314503989790564332e-04
1.952652239388842983e-02 6.568396937892749532e-02 8.966727471110932240e-03 5.394221549637421556e-04
1.981942022979675533e-02 5.789438555511636220e-02 7.794533816936610564e-03 5.475134872881983047e-04
2.011671153324370506e-02 4.768342786924879145e-02 6.882883582329947514e-03 5.557261895975211530e-04
2.041846220624235833e-02 4.553810270707486785e-02 6.138371396664273581e-03 5.640620824414839182e-04
2.072473913933599310e-02 4.204737300941117223e-02 5.854747467570170505e-03 5.725230136781061943e-04
2.103561022642602696e-02 4.505499564527091355e-02 6.285097501780451297e-03 5.811108588832775666e-04
2.135114437982241556e-02 4.335783166403336941e-02 5.646411621285500962e-03 5.898275217665267019e-04
2.167141154551974896e-02 4.636184783654417191e-02 5.899030716325599950e-03 5.986749345930246014e-04
2.199648271870254315e-02 5.916932050979980401e-02 6.646509771533797017e-03 6.076550586119199189e-04
2.232642995948307812e-02 6.191624346312050997e-02 6.643102701890297307e-03 6.167698844910986114e-04
2.266132640887532149e-02 5.917432075058804558e-02 5.610279955554466416e-03 6.260214327584649567e-04
2.300124630500845202e-02 6.669239023986227310e-02 6.249022960029130755e-03 6.354117542498419506e-04
2.334626499958357762e-02 6.025184403181289144e-02 5.581485696353418249e-03 6.449429305635895294e-04
2.369645897457732867e-02 7.485256429386746846e-02 6.621235183875594926e-03 6.546170745220432916e-04
2.405190585919598709e-02 6.293575736684053901e-02 5.463119614924821787e-03 6.644363306398738981e-04
2.441268444708392243e-02 7.459091281435857590e-02 6.300915117574093505e-03 6.744028755994718868e-04
2.477887471379017909e-02 5.376675141667560526e-02 5.214753155612933920e-03 6.845189187334639342e-04
2.515055783449703097e-02 5.469025965001363815e-02 5.069271164934624312e-03 6.947867025144658423e-04
2.552781620201448332e-02 4.727847542159789584e-02 4.658426012542358878e-03 7.052085030521828375e-04
2.591073344504469730e-02 4.664683848428307494e-02 4.390097756081825543e-03 7.157866305979654949e-04
2.629939444672036580e-02 3.483638154759981925e-02 3.690236149726933926e-03 7.265234300569349112e-04
2.669388536342116522e-02 2.682810836952213840e-02 3.055354952936495481e-03 7.374212815077886909e-04
2.709429364387248157e-02 2.338909610385964816e-02 2.820668303112082876e-03 7.484826007304054910e-04
2.750070804853056716e-02 1.966234936426243529e-02 2.360762562031545192e-03 7.597098397413615299e-04
2.791321866925852366e-02 1.417774310765252364e-02 1.988971486437720801e-03 7.711054873374819036e-04
2.833191694929739629e-02 1.326638491432581904e-02 1.859273035556462334e-03 7.826720696475440156e-04
2.875689570353685831e-02 1.141446802544936016e-02 1.769094745758022095e-03 7.944121506922571579e-04
2.918824913908990570e-02 1.229407250882263297e-02 1.839869247598507722e-03 8.063283329526408630e-04
2.962607287617625290e-02 1.169595776278243779e-02 1.754679245424061590e-03 8.184232579469305057e-04
3.007046396931889465e-02 1.157518984602170370e-02 1.701136202396339283e-03 8.306996068161344058e-04
3.052152092885867390e-02 1.635022779392320338e-02 2.082953336865138450e-03 8.431601009183763281e-04
3.097934374279154995e-02 1.998338434042670059e-02 2.416440900936828347e-03 8.558075024321518598e-04
3.144403389893342393e-02 2.046467443514789902e-02 2.532221000658381634e-03 8.686446149686340807e-04
3.191569440741742064e-02 1.788604998282692857e-02 2.105991264720019542e-03 8.816742841931635112e-04
3.239442982352867817e-02 1.780005527427802950e-02 2.148297746606754252e-03 8.948993984560608961e-04
3.288034627088160661e-02 1.863517373141645658e-02 2.474609783845009309e-03 9.083228894329017141e-04
3.337355146494482699e-02 1.835409401358836790e-02 2.363696249565060224e-03 9.219477327743950913e-04
3.387415473691899465e-02 2.436215241036093770e-02 2.958085496988456520e-03 9.357769487660108848e-04
3.438226705797277349e-02 1.725304958525235299e-02 2.289049753386658646e-03 9.498136029975009793e-04
3.489800106384236683e-02 1.251065450168664661e-02 1.797314200491886491e-03 9.640608070424635471e-04
3.542147107979999598e-02 1.163010101764830502e-02 1.670042108552341432e-03 9.785217191481002195e-04
3.595279314599699599e-02 1.210691223294450489e-02 1.771192593677599477e-03 9.931995449353218583e-04
3.649208504318694757e-02 8.340515726627287588e-03 1.360393975837880225e-03 1.008097538109351465e-03
3.703946631883474339e-02 7.663583197400579243e-03 1.352562532830463857e-03 1.023219001180991627e-03
3.759505831361725781e-02 9.941221808826486775e-03 1.550029118379846367e-03 1.038567286198706233e-03
3.815898418832151806e-02 5.302290633090416330e-03 1.060319604216208422e-03 1.054145795491686884e-03
3.873136895114633743e-02 5.048616760628564168e-03 1.168332768036855476e-03 1.069957982424062093e-03
3.931233948541353052e-02 5.830710091771144736e-03 1.104426685760410845e-03 1.086007352160422946e-03
3.990202457769472660e-02 7.983106387925676187e-03 1.423909565035611294e-03 1.102297462442829168e-03
4.050055494636014414e-02 7.602346449192512456e-03 1.368558155834902245e-03 1.118831924379471441e-03
4.110806327055554349e-02 9.753120621028619694e-03 1.573182046140423522e-03 1.135614403245163457e-03
4.172468421961386675e-02 8.411005770151133015e-03 1.421419563519985604e-03 1.152648619293840642e-03
4.235055448290807323e-02 8.448097028330509711e-03 1.450097881574507423e-03 1.169938348583248128e-03
4.298581280015168621e-02 7.043845980600331805e-03 1.541812791358866501e-03 1.187487423811996656e-03
4.363059999215396223e-02 8.786749739063274070e-03 1.518810726439790044e-03 1.205299735169176574e-03
4.428505899203626084e-02 7.955187908632985541e-03 1.487828739129732313e-03 1.223379231196714033e-03
4.494933487691681051e-02 6.850978583159158739e-03 1.237753045649825356e-03 1.241729919664664962e-03
4.562357490007055982e-02 4.886411437876823569e-03 1.312136615665422711e-03 1.260355868459634831e-03
4.630792852357160788e-02 4.021622580619737923e-03 9.811491054199702327e-04 1.279261206486529117e-03
4.700254745142518065e-02 3.768393563641792184e-03 9.046140060031832844e-04 1.298450124583827017e-03
4.770758566319655003e-02 2.532908162220949295e-03 7.789763300112419837e-04 1.317926876452583983e-03
4.842319944814449384e-02 2.601562544099614727e-03 8.330196106946628634e-04 1.337695779599372761e-03
4.914954743986665875e-02 2.942535750158440603e-03 8.145584911931896951e-04 1.357761216293363292e-03
4.988679065146466030e-02 3.460162165020633576e-03 9.172086602816486699e-04 1.378127634537763737e-03
5.063509251123662208e-02 5.323790360657002646e-03 1.301106547547469612e-03 1.398799549055829931e-03
5.139461889890516860e-02 2.881651364097649430e-03 9.490744675314559875e-04 1.419781542291667252e-03
5.216553818238874041e-02 4.722894262163815880e-03 1.330708530557418853e-03 1.441078265426042190e-03
5.294802125512455826e-02 4.129132123176623183e-03 1.139856652891242878e-03 1.462694439407432375e-03
5.374224157395142421e-02 3.129646384979207184e-03 8.299811634754024120e-04 1.484634855998543832e-03
5.454837519756069314e-02 3.650024245584080392e-03 1.090260684657496293e-03 1.506904378838522067e-03
5.536660082552409545e-02 2.225495158916766542e-03 8.203184887992152983e-04 1.529507944521099616e-03
5.619709983790695251e-02 2.443486417507793884e-03 8.090612183122657510e-04 1.552450563688915998e-03
5.704005633547555576e-02 4.114316902699927635e-03 1.393636788044077873e-03 1.575737322144249658e-03
5.789565718050768139e-02 1.780450027611797008e-03 1.184482901548154863e-03 1.599373381976413244e-03
5.876409203821528898e-02 1.830333996883887464e-03 1.014151439844765239e-03 1.623363982706059168e-03
5.964555341878850780e-02 1.164335834040346402e-03 6.338014816576727564e-04 1.647714442446649840e-03
6.054023672007033396e-02 1.986465916864451307e-03 1.067800598853538415e-03 1.672430159083349499e-03
