1.538750573636137910e-02 8.134350196263631094e-01 6.687267997011984988e-02 4.262921794567043699e-04
1.561831832240679827e-02 7.948675369366922094e-01 6.417888620701468760e-02 4.326865621485548622e-04
1.585259309724289939e-02 7.669622811129225282e-01 6.150270029104921293e-02 4.391768605807831738e-04
1.609038199370153854e-02 7.611577566151158658e-01 6.518622995077161253e-02 4.457645134894948173e-04
1.633173772360706211e-02 6.654673076222283878e-01 5.768345897508272979e-02 4.524509811918372179e-04
1.657671378946116644e-02 6.551853269683741710e-01 5.490920176398390168e-02 4.592377459097147260e-04
1.682536449630308434e-02 4.739479977923818921e-01 4.287823903135459802e-02 4.661263120983604770e-04
1.707774496374762918e-02 4.280091880374571334e-01 3.886210332586811228e-02 4.731182067798358408e-04
1.733391113820383772e-02 3.627728241881670868e-01 3.385957789915446103e-02 4.802149798815331938e-04
1.759391980527689331e-02 2.623240735761189768e-01 2.670586309923059232e-02 4.874182045797561722e-04
1.785782860235604619e-02 1.865796713059664214e-01 2.100150044759479043e-02 4.947294776484525416e-04
1.812569603139138619e-02 1.049750934978531114e-01 1.292195811869576057e-02 5.021504198131792641e-04
1.839758147186225726e-02 5.168718005328132303e-02 8.719846442989545934e-03 5.096826761103769032e-04
1.867354519394019002e-02 3.665873514542629386e-02 6.608861725576403376e-03 5.173279162520326218e-04
1.895364837184928750e-02 2.077461058419411907e-02 5.849941169352795671e-03 5.250878349958128721e-04
1.923795309742702686e-02 3.016291844799928040e-02 5.580554962157787194e-03 5.329641525207500733e-04
1.952652239388842983e-02 5.262606784964241752e-02 8.228703360908102421e-03 5.409586148085612865e-04
1.981942022979675533e-02 5.819824877016505082e-02 8.083587652354244993e-03 5.490729940306897415e-04
2.011671153324370506e-02 7.124634905757248893e-02 8.479109458903460669e-03 5.573090889411499906e-04
2.041846220624235833e-02 8.316352548102282083e-02 9.466415346231696684e-03 5.656687252752672177e-04
2.072473913933599310e-02 9.363635949781520806e-02 9.525469219295350926e-03 5.741537561543961403e-04
2.103561022642602696e-02 1.099664783663355933e-01 1.084260257350462206e-02 5.827660624967119854e-04
2.135114437982241556e-02 1.035099326716302087e-01 9.976390359971797073e-03 5.915075534341625524e-04
2.167141154551974896e-02 1.265386766786578132e-01 1.168515371163658667e-02 6.003801667356749305e-04
2.199648271870254315e-02 1.099222051956416507e-01 1.050024518085007977e-02 6.093858692367100025e-04
2.232642995948307812e-02 1.037207091148834026e-01 9.739052238254875676e-03 6.185266572752605788e-04
2.266132640887532149e-02 8.193167288540352533e-02 7.033031424603353697e-03 6.278045571343894397e-04
2.300124630500845202e-02 9.921869149184986414e-02 7.984413204122565305e-03 6.372216254914052965e-04
2.334626499958357762e-02 7.559649771434384657e-02 6.405364019981535720e-03 6.467799498737763098e-04
2.369645897457732867e-02 6.244291984065980516e-02 6.007698463591868571e-03 6.564816491218828645e-04
2.405190585919598709e-02 4.990109715328625017e-02 4.793869654588270822e-03 6.663288738587110809e-04
2.441268444708392243e-02 4.148751502288952620e-02 4.371441868915535225e-03 6.763238069665915807e-04
2.477887471379017909e-02 3.348155337604988985e-02 4.015635864899853164e-03 6.864686640710904088e-04
2.515055783449703097e-02 2.776208549419871552e-02 3.361889030984953602e-03 6.967656940321567379e-04
2.552781620201448332e-02 2.493424042503467747e-02 3.088027963836550635e-03 7.072171794426390266e-04
2.591073344504469730e-02 1.831019504175378232e-02 2.477601028947513072e-03 7.178254371342784879e-04
2.629939444672036580e-02 1.509367628753808740e-02 2.198553418750034006e-03 7.285928186912926218e-04
2.669388536342116522e-02 1.573069813333015377e-02 2.338982041316897253e-03 7.395217109716618973e-04
2.709429364387248157e-02 8.772653397635166161e-03 1.821362962357125611e-03 7.506145366362367835e-04
2.750070804853056716e-02 1.113111920593484912e-02 1.695291457366133493e-03 7.618737546857802740e-04
2.791321866925852366e-02 9.379324299628476191e-03 1.605276390359750265e-03 7.733018610060669006e-04
2.833191694929739629e-02 1.098442035690144758e-02 1.664968834961867402e-03 7.849013889211578238e-04
2.875689570353685831e-02 9.901661112136434656e-03 1.545237259089594049e-03 7.966749097549751663e-04
2.918824913908990570e-02 1.200401338209736678e-02 1.811519749075470205e-03 8.086250334012996203e-04
2.962607287617625290e-02 1.270110109239729404e-02 1.926051067716955762e-03 8.207544089023191590e-04
3.007046396931889465e-02 1.359203819614033040e-02 1.863706581849621782e-03 8.330657250358538581e-04
3.052152092885867390e-02 1.478745207847496738e-02 1.955845601192856241e-03 8.455617109113914859e-04
3.097934374279154995e-02 1.680057596233829401e-02 2.165922949498652259e-03 8.582451365750623420e-04
3.144403389893342393e-02 2.120089673730375310e-02 2.518784548654800018e-03 8.711188136236882153e-04
3.191569440741742064e-02 1.504879675030536268e-02 1.942841737583394374e-03 8.841855958280434849e-04
3.239442982352867817e-02 1.787012739795872107e-02 2.148789815234065058e-03 8.974483797654639935e-04
3.288034627088160661e-02 2.308446161957087087e-02 2.833233760388389946e-03 9.109101054619459436e-04
3.337355146494482699e-02 1.523274498180860435e-02 2.094426309979136036e-03 9.245737570438750021e-04
3.387415473691899465e-02 1.908543071373838135e-02 2.511956077766408849e-03 9.384423633995329569e-04
3.438226705797277349e-02 1.312134448752787577e-02 1.918860608487560132e-03 9.525189988505257995e-04
3.489800106384236683e-02 1.239804980754139439e-02 1.854061819948953083e-03 9.668067838332837201e-04
3.542147107979999598e-02 6.548124832298859825e-03 1.267056145061876919e-03 9.813088855907827444e-04
3.595279314599699599e-02 7.223925324727215568e-03 1.384934695136485257e-03 9.960285188746445702e-04
3.649208504318694757e-02 5.495909612691057822e-03 1.152238411959439742e-03 1.010968946657764224e-03
3.703946631883474339e-02 4.568660887895033100e-03 9.990247791284588477e-04 1.026133480857630443e-03
3.759505831361725781e-02 3.950986554286172597e-03 8.973488075122151506e-04 1.041525483070494590e-03
3.815898418832151806e-02 2.634142890220190006e-03 7.132784435586166181e-04 1.057148365316552124e-03
3.873136895114633743e-02 3.333773598425206902e-03 9.685528836900331694e-04 1.073005590796300259e-03
3.931233948541353052e-02 4.827763632734642998e-03 9.827051966068635520e-04 1.089100674658244816e-03
3.990202457769472660e-02 5.718352874099200470e-03 1.155283469487025649e-03 1.105437184778118283e-03
4.050055494636014414e-02 6.850931182354420834e-03 1.277871165363744267e-03 1.122018742549789902e-03
4.110806327055554349e-02 8.660252148224665408e-03 1.515489052674345860e-03 1.138849023688036713e-03
4.172468421961386675e-02 6.691113322876794146e-03 1.296700489864692453e-03 1.155931759043356830e-03
4.235055448290807323e-02 7.194786317182998506e-03 1.304308850717740293e-03 1.173270735429007318e-03
4.298581280015168621e-02 7.825787914579006993e-03 1.460360516185537413e-03 1.190869796460442085e-03
4.363059999215396223e-02 5.930081810008604702e-03 1.167907042189615229e-03 1.208732843407348857e-03
4.428505899203626084e-02 5.988824591986120077e-03 1.177392470161846500e-03 1.226863836058458704e-03
4.494933487691681051e-02 4.590795515102792830e-03 9.615266896368639821e-04 1.245266793599335850e-03
4.562357490007055982e-02 3.026539460293127797e-03 8.278359684058470133e-04 1.263945795503325798e-03
4.630792852357160788e-02 3.805553292571902183e-03 9.468226261264324354e-04 1.282904982435875349e-03
4.700254745142518065e-02 1.162979274901268815e-03 6.427485505736832763e-04 1.302148557172413392e-03
4.770758566319655003e-02 1.495047932035582609e-03 4.980170407156048369e-04 1.321680785529999328e-03
4.842319944814449384e-02 2.369471595244573413e-03 7.862348832848213911e-04 1.341505997312949236e-03
4.914954743986665875e-02 1.964702589416218986e-03 5.702749023177999680e-04 1.361628587272643420e-03
4.988679065146466030e-02 2.107953218695001862e-03 6.136231716231399513e-04 1.382053016081733008e-03
5.063509251123662208e-02 2.750616765069471316e-03 8.551361091388706226e-04 1.402783811322958797e-03
5.139461889890516860e-02 3.797468437857809929e-03 9.723651077959601921e-04 1.423825568492803270e-03
5.216553818238874041e-02 4.110311138480992471e-03 1.106211345240617518e-03 1.445182952020195033e-03
5.294802125512455826e-02 2.017136749265845217e-03 8.995082942454953002e-04 1.466860696300497681e-03
5.374224157395142421e-02 2.176702652138081794e-03 6.593628358911906087e-04 1.488863606745004925e-03
5.454837519756069314e-02 3.425137116856410372e-03 1.041655146970792579e-03 1.511196560846180068e-03
5.536660082552409545e-02 1.768978022742070423e-03 7.095041663973182490e-04 1.533864509258872503e-03
5.619709983790695251e-02 1.213907878579692035e-03 5.332452065544081342e-04 1.556872476897755387e-03
5.704005633547555576e-02 2.043965404258322148e-03 8.604998750219307021e-04 1.580225564051221734e-03
5.789565718050768139e-02 4.422578943859622005e-04 4.829703955513108818e-04 1.603928947511990000e-03
5.876409203821528898e-02 4.546489072600955975e-04 4.674278634280021869e-04 1.627987881724669633e-03
5.964555341878850780e-02 5.784343355163031747e-04 4.275379134283567389e-04 1.652407699950539204e-03
6.054023672007033396e-02 7.894904951331810968e-04 6.058777261753015312e-04 1.677193815449797313e-03
