1.538750573636137910e-02 8.475345983417869045e-01 6.947054424302225029e-02 4.262921794567043699e-04
1.561831832240679827e-02 7.806550311325576308e-01 6.456755646479953037e-02 4.326865621485548622e-04
1.585259309724289939e-02 7.764398864190715788e-01 6.119385762186976829e-02 4.391768605807831738e-04
1.609038199370153854e-02 7.093458487899620968e-01 6.192908608600256049e-02 4.457645134894948173e-04
1.633173772360706211e-02 6.766586271103945949e-01 5.911743857584342288e-02 4.524509811918372179e-04
1.657671378946116644e-02 5.279870342725910826e-01 4.763175477015020587e-02 4.592377459097147260e-04
1.682536449630308434e-02 4.545542107858798198e-01 4.134014728299103408e-02 4.661263120983604770e-04
1.707774496374762918e-02 3.954453454833681270e-01 3.650065231997981496e-02 4.731182067798358408e-04
1.733391113820383772e-02 3.280901283215555964e-01 3.129929753974905471e-02 4.802149798815331938e-04
1.759391980527689331e-02 2.290891187404207330e-01 2.399367893528916648e-02 4.874182045797561722e-04
1.785782860235604619e-02 1.547536407230099553e-01 1.846665793733199765e-02 4.947294776484525416e-04
1.812569603139138619e-02 8.109476017570076134e-02 1.227233157785020089e-02 5.021504198131792641e-04
1.839758147186225726e-02 4.061674892343341420e-02 8.270274242711438822e-03 5.096826761103769032e-04
1.867354519394019002e-02 2.505533291993149517e-02 6.032383867532469142e-03 5.173279162520326218e-04
1.895364837184928750e-02 2.197435141217780191e-02 5.421230354231431486e-03 5.250878349958128721e-04
1.923795309742702686e-02 2.538178824103385495e-02 6.112679241315421841e-03 5.329641525207500733e-04
1.952652239388842983e-02 2.520638901930378345e-02 7.655856276380357782e-03 5.409586148085612865e-04
1.981942022979675533e-02 5.922704188862825542e-02 8.177858353840593633e-03 5.490729940306897415e-04
2.011671153324370506e-02 6.970448002913934293e-02 8.990442275228542612e-03 5.573090889411499906e-04
2.041846220624235833e-02 8.123291909409800782e-02 8.883618351549380995e-03 5.656687252752672177e-04
2.072473913933599310e-02 9.913968547698719103e-02 1.004372149200345211e-02 5.741537561543961403e-04
2.103561022642602696e-02 1.223204686322280077e-01 1.182466854086261683e-02 5.827660624967119854e-04
2.135114437982241556e-02 9.429409717059702989e-02 9.250244162167660725e-03 5.915075534341625524e-04
2.167141154551974896e-02 1.034256694438583785e-01 1.030402582340569223e-02 6.003801667356749305e-04
2.199648271870254315e-02 1.036352887982119053e-01 9.831396771514715888e-03 6.093858692367100025e-04
2.232642995948307812e-02 1.067150449314081123e-01 1.002205729576603060e-02 6.185266572752605788e-04
2.266132640887532149e-02 8.469406530651095444e-02 7.188706049721759264e-03 6.278045571343894397e-04
2.300124630500845202e-02 8.204591101623039118e-02 6.995772212283120697e-03 6.372216254914052965e-04
2.334626499958357762e-02 6.202955791434081739e-02 5.588492518715063549e-03 6.467799498737763098e-04
2.369645897457732867e-02 5.651630172140812564e-02 5.681380972229642043e-03 6.564816491218828645e-04
2.405190585919598709e-02 4.360492147374118305e-02 4.434605722136234808e-03 6.663288738587110809e-04
2.441268444708392243e-02 4.091846921621642569e-02 4.428940028047194909e-03 6.763238069665915807e-04
2.477887471379017909e-02 3.647296394462083702e-02 4.018829240811280443e-03 6.864686640710904088e-04
2.515055783449703097e-02 2.067898757506982793e-02 2.980208714558160721e-03 6.967656940321567379e-04
2.552781620201448332e-02 2.175309096616507426e-02 3.088111140849404777e-03 7.072171794426390266e-04
2.591073344504469730e-02 1.804301271307501633e-02 2.573106363802347540e-03 7.178254371342784879e-04
2.629939444672036580e-02 1.000621323212603012e-02 2.038981300375947246e-03 7.285928186912926218e-04
2.669388536342116522e-02 1.114783586010639586e-02 1.974481696332468835e-03 7.395217109716618973e-04
2.709429364387248157e-02 1.219175095464206451e-02 1.875876253966491779e-03 7.506145366362367835e-04
2.750070804853056716e-02 9.348298454353828543e-03 1.541136472283815379e-03 7.618737546857802740e-04
2.791321866925852366e-02 7.731709244635227678e-03 1.354387852678986311e-03 7.733018610060669006e-04
2.833191694929739629e-02 9.481598353681909216e-03 1.535636735880195050e-03 7.849013889211578238e-04
2.875689570353685831e-02 9.515435571640721776e-03 1.513518091368627446e-03 7.966749097549751663e-04
2.918824913908990570e-02 9.751852701751129518e-03 1.535516992839443479e-03 8.086250334012996203e-04
2.962607287617625290e-02 1.031815469214911879e-02 1.631955270092780427e-03 8.207544089023191590e-04
3.007046396931889465e-02 1.402717808567860089e-02 1.979535170471940966e-03 8.330657250358538581e-04
3.052152092885867390e-02 1.522548539120895279e-02 2.067114328676684931e-03 8.455617109113914859e-04
3.097934374279154995e-02 1.529333411906852805e-02 2.127916113341664708e-03 8.582451365750623420e-04
3.144403389893342393e-02 1.901566956306465980e-02 2.299416512887256410e-03 8.711188136236882153e-04
3.191569440741742064e-02 1.747683294753311217e-02 2.073207016616721975e-03 8.841855958280434849e-04
3.239442982352867817e-02 1.642622744009765087e-02 2.095616740738976466e-03 8.974483797654639935e-04
3.288034627088160661e-02 1.954967288510716522e-02 2.548402583409000322e-03 9.109101054619459436e-04
3.337355146494482699e-02 1.615053989561621162e-02 2.176053888283351230e-03 9.245737570438750021e-04
3.387415473691899465e-02 1.425029670453856895e-02 2.090533722230165318e-03 9.384423633995329569e-04
3.438226705797277349e-02 1.122278437294940007e-02 1.831839762574853344e-03 9.525189988505257995e-04
3.489800106384236683e-02 9.714752706595376069e-03 1.621045245139158750e-03 9.668067838332837201e-04
3.542147107979999598e-02 9.278659321008894678e-03 1.451335261044143761e-03 9.813088855907827444e-04
3.595279314599699599e-02 5.174499676147374140e-03 1.067585124507526269e-03 9.960285188746445702e-04
3.649208504318694757e-02 4.852007403570304106e-03 9.882473959100007872e-04 1.010968946657764224e-03
3.703946631883474339e-02 4.203454215212893211e-03 9.548785937349681336e-04 1.026133480857630443e-03
3.759505831361725781e-02 2.884090024316656505e-03 7.555492101349221574e-04 1.041525483070494590e-03
3.815898418832151806e-02 3.143305242166160706e-03 9.126684083648056722e-04 1.057148365316552124e-03
3.873136895114633743e-02 4.503195235231457344e-03 9.909504691261328962e-04 1.073005590796300259e-03
3.931233948541353052e-02 5.653257236645278100e-03 1.082593161174467185e-03 1.089100674658244816e-03
3.990202457769472660e-02 4.813805787235649926e-03 1.043829387471683235e-03 1.105437184778118283e-03
4.050055494636014414e-02 6.699996154878775333e-03 1.261778565782057781e-03 1.122018742549789902e-03
4.110806327055554349e-02 8.049494249973438570e-03 1.385115798002792015e-03 1.138849023688036713e-03
4.172468421961386675e-02 7.209315107352461983e-03 1.355201389549982871e-03 1.155931759043356830e-03
4.235055448290807323e-02 9.456648743820761718e-03 1.560680770856173651e-03 1.173270735429007318e-03
4.298581280015168621e-02 8.237940135723410828e-03 1.512024404367598700e-03 1.190869796460442085e-03
4.363059999215396223e-02 5.952050997990935947e-03 1.172233790146523253e-03 1.208732843407348857e-03
4.428505899203626084e-02 3.736574656845472429e-03 8.771174900727693241e-04 1.226863836058458704e-03
4.494933487691681051e-02 3.945762378478925511e-03 9.727662150174077585e-04 1.245266793599335850e-03
4.562357490007055982e-02 3.037751888126231838e-03 8.309028542585428180e-04 1.263945795503325798e-03
4.630792852357160788e-02 2.673756214342883509e-03 7.718321364159840513e-04 1.282904982435875349e-03
4.700254745142518065e-02 2.220693800533607865e-03 6.628462325579979539e-04 1.302148557172413392e-03
4.770758566319655003e-02 1.350527975652563101e-03 4.718623896110766668e-04 1.321680785529999328e-03
4.842319944814449384e-02 1.477397591983778706e-03 8.258538116218862172e-04 1.341505997312949236e-03
4.914954743986665875e-02 1.831125425725809710e-03 5.485602844764686601e-04 1.361628587272643420e-03
4.988679065146466030e-02 1.637197217442417762e-03 6.631746453312263806e-04 1.382053016081733008e-03
5.063509251123662208e-02 2.548437213643187094e-03 8.181322547228737137e-04 1.402783811322958797e-03
5.139461889890516860e-02 2.904028135680947718e-03 8.236680770299623262e-04 1.423825568492803270e-03
5.216553818238874041e-02 4.538092479569840951e-03 1.182396800512304936e-03 1.445182952020195033e-03
5.294802125512455826e-02 2.848179663767250961e-03 1.043959142899965852e-03 1.466860696300497681e-03
5.374224157395142421e-02 2.340821450952748975e-03 6.904333220184002886e-04 1.488863606745004925e-03
5.454837519756069314e-02 2.022250723742437251e-03 7.393418327273898862e-04 1.511196560846180068e-03
5.536660082552409545e-02 3.107180229596818739e-03 1.017784636958668845e-03 1.533864509258872503e-03
5.619709983790695251e-02 1.827607568914508358e-03 6.774761170686747309e-04 1.556872476897755387e-03
5.704005633547555576e-02 1.282211054801729892e-03 6.439675245189878773e-04 1.580225564051221734e-03
5.876409203821528898e-02 4.563332461325713654e-04 4.691595445293485038e-04 1.627987881724669633e-03
5.964555341878850780e-02 5.805772625550071220e-04 4.291218141384326953e-04 1.652407699950539204e-03
6.054023672007033396e-02 1.188622983631736031e-03 7.724040022329090342e-04 1.677193815449797313e-03
