1.538750573636137910e-02 4.678379413959175559e-01 4.670647632151726097e-02 4.262921794567043699e-04
1.561831832240679827e-02 4.726822919360224029e-01 4.555850848918751445e-02 4.326865621485548622e-04
1.585259309724289939e-02 4.321074338242043567e-01 4.128264452432427872e-02 4.391768605807831738e-04
1.609038199370153854e-02 4.004512585649998568e-01 4.056935162702293707e-02 4.457645134894948173e-04
1.633173772360706211e-02 4.828818080858199857e-01 4.504690397790275108e-02 4.524509811918372179e-04
1.657671378946116644e-02 4.150349912203279978e-01 3.914255036417116362e-02 4.592377459097147260e-04
1.682536449630308434e-02 3.723897558055653256e-01 3.587019252388487511e-02 4.661263120983604770e-04
1.707774496374762918e-02 3.459294352818929608e-01 3.259935532195538943e-02 4.731182067798358408e-04
1.733391113820383772e-02 2.737883835402719068e-01 2.727196292326684868e-02 4.802149798815331938e-04
1.759391980527689331e-02 2.802721109163289759e-01 2.658246419962459819e-02 4.874182045797561722e-04
1.785782860235604619e-02 2.246705858622596308e-01 2.300675021056010003e-02 4.947294776484525416e-04
1.812569603139138619e-02 1.986019013608416039e-01 1.997742515837014343e-02 5.021504198131792641e-04
1.839758147186225726e-02 1.229022026050747840e-01 1.400744930408047081e-02 5.096826761103769032e-04
1.867354519394019002e-02 1.271462982264258967e-01 1.404040485142962584e-02 5.173279162520326218e-04
1.895364837184928750e-02 1.010041009460165007e-01 1.170629503172663025e-02 5.250878349958128721e-04
1.923795309742702686e-02 7.137300276728833492e-02 9.551081805151422424e-03 5.329641525207500733e-04
1.952652239388842983e-02 7.125197581729726670e-02 9.410516658005992421e-03 5.409586148085612865e-04
1.981942022979675533e-02 5.445874362691041637e-02 7.500116260912959888e-03 5.490729940306897415e-04
2.011671153324370506e-02 3.814559117202442201e-02 6.085156514842852797e-03 5.573090889411499906e-04
2.041846220624235833e-02 3.516365317614938285e-02 5.247210674132149824e-03 5.656687252752672177e-04
2.072473913933599310e-02 3.267499950522807783e-02 4.845892250816592403e-03 5.741537561543961403e-04
2.103561022642602696e-02 4.427746616075395325e-02 6.214858666718513919e-03 5.827660624967119854e-04
2.135114437982241556e-02 2.997361970297506006e-02 4.565205450748221865e-03 5.915075534341625524e-04
2.167141154551974896e-02 5.122537979853457324e-02 6.276125336799076929e-03 6.003801667356749305e-04
2.199648271870254315e-02 6.740672757678069227e-02 7.249807320440324922e-03 6.093858692367100025e-04
2.232642995948307812e-02 5.538316757787552225e-02 6.262937378552595191e-03 6.185266572752605788e-04
2.266132640887532149e-02 5.072511818657020333e-02 5.214375859121237952e-03 6.278045571343894397e-04
2.300124630500845202e-02 7.120301182696298081e-02 6.492536743101377447e-03 6.372216254914052965e-04
2.334626499958357762e-02 6.801368037407973244e-02 5.921952787606700637e-03 6.467799498737763098e-04
2.369645897457732867e-02 8.001704499398723525e-02 6.811229640946134950e-03 6.564816491218828645e-04
2.405190585919598709e-02 5.830294133157162134e-02 5.197872107930309737e-03 6.663288738587110809e-04
2.441268444708392243e-02 5.368113006041221741e-02 5.053603278703485031e-03 6.763238069665915807e-04
2.477887471379017909e-02 6.047409263424022990e-02 5.613426039286084288e-03 6.864686640710904088e-04
2.515055783449703097e-02 4.805683766034112708e-02 4.592894463095087594e-03 6.967656940321567379e-04
2.552781620201448332e-02 5.668015129471948993e-02 5.153349515616385303e-03 7.072171794426390266e-04
2.591073344504469730e-02 3.616533230394994303e-02 3.727139108750282190e-03 7.178254371342784879e-04
2.629939444672036580e-02 3.505259726081817739e-02 3.625611600298641029e-03 7.285928186912926218e-04
2.669388536342116522e-02 2.401382620916260244e-02 2.854480619140450665e-03 7.395217109716618973e-04
2.709429364387248157e-02 2.107200676893289035e-02 2.571225934616795314e-03 7.506145366362367835e-04
2.750070804853056716e-02 2.051134698399717168e-02 2.418151231703474877e-03 7.618737546857802740e-04
2.791321866925852366e-02 1.330968147175283674e-02 1.836392972416529953e-03 7.733018610060669006e-04
2.833191694929739629e-02 1.300373378598901168e-02 1.835521127917786287e-03 7.849013889211578238e-04
2.875689570353685831e-02 8.454328332849064820e-03 1.416639312603146196e-03 7.966749097549751663e-04
2.918824913908990570e-02 1.207833626422334487e-02 1.733486022233952321e-03 8.086250334012996203e-04
2.962607287617625290e-02 1.184554847491032549e-02 1.860240778664244829e-03 8.207544089023191590e-04
3.007046396931889465e-02 1.237747790253421708e-02 1.766372854803618941e-03 8.330657250358538581e-04
3.052152092885867390e-02 1.647228357629780884e-02 2.160208406160692585e-03 8.455617109113914859e-04
3.097934374279154995e-02 1.769427823111502721e-02 2.310742248156100881e-03 8.582451365750623420e-04
3.144403389893342393e-02 1.817156959976630806e-02 2.234986290939258800e-03 8.711188136236882153e-04
3.191569440741742064e-02 1.674853822853481985e-02 2.017871562075330798e-03 8.841855958280434849e-04
3.239442982352867817e-02 1.959163576160969852e-02 2.283370878616713517e-03 8.974483797654639935e-04
3.288034627088160661e-02 1.781188618722196262e-02 2.484067676097063276e-03 9.109101054619459436e-04
3.337355146494482699e-02 2.260049962543844021e-02 2.706798182223940207e-03 9.245737570438750021e-04
3.387415473691899465e-02 1.813559036574266536e-02 2.582533477794904473e-03 9.384423633995329569e-04
3.438226705797277349e-02 1.758736208327514941e-02 2.381084377191130651e-03 9.525189988505257995e-04
3.489800106384236683e-02 1.422452037281348065e-02 1.945828956035817276e-03 9.668067838332837201e-04
3.542147107979999598e-02 1.070128906779395025e-02 1.583718969491737343e-03 9.813088855907827444e-04
3.595279314599699599e-02 1.053586625561032768e-02 1.622363173812568001e-03 9.960285188746445702e-04
3.649208504318694757e-02 6.928295050357754538e-03 1.215327650779805899e-03 1.010968946657764224e-03
3.703946631883474339e-02 8.403095060640118977e-03 1.427951757655447065e-03 1.026133480857630443e-03
3.759505831361725781e-02 5.765563604824296140e-03 1.114694364130032391e-03 1.041525483070494590e-03
3.815898418832151806e-02 5.637764977091744290e-03 1.097645728249034168e-03 1.057148365316552124e-03
3.873136895114633743e-02 3.938508514456444745e-03 9.184122914184060776e-04 1.073005590796300259e-03
3.931233948541353052e-02 4.359105968223159037e-03 9.261174703597513207e-04 1.089100674658244816e-03
3.990202457769472660e-02 5.736934217757343364e-03 1.159037473418182392e-03 1.105437184778118283e-03
4.050055494636014414e-02 8.077470113689940931e-03 1.494548394330790951e-03 1.122018742549789902e-03
4.110806327055554349e-02 7.878221273863990001e-03 1.365753418029362360e-03 1.138849023688036713e-03
4.172468421961386675e-02 9.178802522398452415e-03 1.564788414358212355e-03 1.155931759043356830e-03
4.235055448290807323e-02 6.817156037971348718e-03 1.413406214275491311e-03 1.173270735429007318e-03
4.298581280015168621e-02 7.659724102212343323e-03 1.441831568194239461e-03 1.190869796460442085e-03
4.363059999215396223e-02 9.419805988139851038e-03 1.591748914843190820e-03 1.208732843407348857e-03
4.428505899203626084e-02 6.982601268570081711e-03 1.304077409707424945e-03 1.226863836058458704e-03
4.494933487691681051e-02 3.943972582484352001e-03 9.723249687110436688e-04 1.245266793599335850e-03
4.562357490007055982e-02 7.970481658836870223e-03 1.514931901609616353e-03 1.263945795503325798e-03
4.630792852357160788e-02 4.963294885264014043e-03 1.113849020017617427e-03 1.282904982435875349e-03
4.700254745142518065e-02 3.727935010581681727e-03 1.002845716452478763e-03 1.302148557172413392e-03
4.770758566319655003e-02 1.349915376785848324e-03 4.716483530488341127e-04 1.321680785529999328e-03
4.842319944814449384e-02 3.241596830746006075e-03 9.498553401465333274e-04 1.341505997312949236e-03
4.914954743986665875e-02 2.111878647781680052e-03 5.954189325375005724e-04 1.361628587272643420e-03
4.988679065146466030e-02 3.625376312580649765e-03 8.500463837074055022e-04 1.382053016081733008e-03
5.063509251123662208e-02 4.033195302523025563e-03 1.084924926034766144e-03 1.402783811322958797e-03
5.139461889890516860e-02 2.691054868931153608e-03 9.186882986818807389e-04 1.423825568492803270e-03
5.216553818238874041e-02 3.470753290108955121e-03 1.130265307234930077e-03 1.445182952020195033e-03
5.294802125512455826e-02 2.023691278510332189e-03 9.024311766045802234e-04 1.466860696300497681e-03
5.374224157395142421e-02 2.651727609478824171e-03 7.460473877153458392e-04 1.488863606745004925e-03
5.454837519756069314e-02 3.638400177144735913e-03 1.086788580374759309e-03 1.511196560846180068e-03
5.536660082552409545e-02 2.883930041643962845e-03 9.685427306538874070e-04 1.533864509258872503e-03
5.704005633547555576e-02 1.537955333350555630e-03 7.195654488900573133e-04 1.580225564051221734e-03
5.789565718050768139e-02 2.662169862445734440e-03 1.595643890546017026e-03 1.603928947511990000e-03
5.876409203821528898e-02 1.368378760747939425e-03 8.549224517580803102e-04 1.627987881724669633e-03
5.964555341878850780e-02 1.160627825953101282e-03 6.317830425175328078e-04 1.652407699950539204e-03
6.054023672007033396e-02 1.584111766392946744e-03 9.222563879230556445e-04 1.677193815449797313e-03
