1.538750573636137910e-02 7.934582989740583958e-01 6.578030509192521469e-02 4.262921794567043699e-04
1.561831832240679827e-02 7.670466325111021666e-01 6.264968239966381414e-02 4.326865621485548622e-04
1.585259309724289939e-02 7.547474515598902034e-01 5.994398350890257909e-02 4.391768605807831738e-04
1.609038199370153854e-02 7.241107819516999777e-01 6.209753064861836536e-02 4.457645134894948173e-04
1.633173772360706211e-02 6.469685681375502151e-01 5.685743431004781218e-02 4.524509811918372179e-04
1.657671378946116644e-02 5.565313114472335565e-01 4.912863650071348093e-02 4.592377459097147260e-04
1.682536449630308434e-02 5.132110248361777538e-01 4.573432333436724950e-02 4.661263120983604770e-04
1.707774496374762918e-02 3.893596897894356923e-01 3.607484024644357079e-02 4.731182067798358408e-04
1.733391113820383772e-02 3.190856421548757815e-01 3.067153577864340647e-02 4.802149798815331938e-04
1.759391980527689331e-02 2.326345046360929480e-01 2.450263355704490609e-02 4.874182045797561722e-04
1.785782860235604619e-02 1.629133018328187132e-01 1.902639757618113450e-02 4.947294776484525416e-04
1.812569603139138619e-02 9.173006830660615507e-02 1.266637057899786326e-02 5.021504198131792641e-04
1.839758147186225726e-02 4.144191579184936663e-02 8.818892717493984415e-03 5.096826761103769032e-04
1.867354519394019002e-02 2.289867030887470997e-02 5.798580082555366416e-03 5.173279162520326218e-04
1.895364837184928750e-02 2.096242984880951343e-02 5.307405894011646245e-03 5.250878349958128721e-04
1.923795309742702686e-02 1.891518711884285220e-02 5.496551256112036654e-03 5.329641525207500733e-04
1.952652239388842983e-02 4.612945230378386052e-02 7.259096156393509726e-03 5.409586148085612865e-04
1.981942022979675533e-02 6.206205031804416794e-02 8.914232265861609869e-03 5.490729940306897415e-04
2.011671153324370506e-02 6.881951036726691173e-02 8.917566430083566018e-03 5.573090889411499906e-04
2.041846220624235833e-02 7.699995706102333304e-02 8.885168275234002835e-03 5.656687252752672177e-04
2.072473913933599310e-02 8.502610548731426299e-02 8.912255052720943066e-03 5.741537561543961403e-04
2.103561022642602696e-02 1.063166142696174571e-01 1.059281102650261666e-02 5.827660624967119854e-04
2.135114437982241556e-02 1.005127245155782167e-01 9.862759508770389122e-03 5.915075534341625524e-04
2.167141154551974896e-02 1.137408173778364229e-01 1.100122984842333111e-02 6.003801667356749305e-04
2.199648271870254315e-02 9.893870003639122779e-02 9.497467693858402046e-03 6.093858692367100025e-04
2.232642995948307812e-02 9.545254285570586861e-02 9.101457193943509119e-03 6.185266572752605788e-04
2.266132640887532149e-02 8.156432998581794602e-02 7.098472498388239300e-03 6.278045571343894397e-04
2.300124630500845202e-02 8.392377658331920398e-02 7.180301167975354157e-03 6.372216254914052965e-04
2.334626499958357762e-02 6.925929716202473829e-02 6.145715801418730369e-03 6.467799498737763098e-04
2.369645897457732867e-02 6.873817327841258429e-02 6.269682432305264015e-03 6.564816491218828645e-04
2.405190585919598709e-02 4.492004210489367738e-02 4.418641660919198771e-03 6.663288738587110809e-04
2.441268444708392243e-02 3.821515399608627073e-02 4.165268477544405677e-03 6.763238069665915807e-04
2.477887471379017909e-02 3.535714951747363083e-02 3.939720488213365422e-03 6.864686640710904088e-04
2.515055783449703097e-02 2.222907439927925000e-02 2.976804144057258305e-03 6.967656940321567379e-04
2.552781620201448332e-02 2.143843098485061910e-02 2.948305914945692149e-03 7.072171794426390266e-04
2.591073344504469730e-02 1.484919540332135454e-02 2.325729840416722229e-03 7.178254371342784879e-04
2.629939444672036580e-02 1.198847471759187204e-02 2.068990996212842406e-03 7.285928186912926218e-04
2.669388536342116522e-02 1.302810368420574336e-02 2.127638918733617233e-03 7.395217109716618973e-04
2.709429364387248157e-02 1.013583809799860520e-02 1.691225118646406261e-03 7.506145366362367835e-04
2.750070804853056716e-02 8.871318013887758563e-03 1.495777734318711524e-03 7.618737546857802740e-04
2.791321866925852366e-02 9.856112976539051218e-03 1.547346476670447262e-03 7.733018610060669006e-04
2.833191694929739629e-02 8.505985961775883522e-03 1.658454778712819232e-03 7.849013889211578238e-04
2.875689570353685831e-02 9.914911578078420412e-03 1.547305105427897870e-03 7.966749097549751663e-04
2.918824913908990570e-02 8.459878401805676074e-03 1.416978034598910486e-03 8.086250334012996203e-04
2.962607287617625290e-02 1.268080131229635567e-02 2.012893846013912112e-03 8.207544089023191590e-04
3.007046396931889465e-02 1.629737455950164629e-02 2.149594052963958203e-03 8.330657250358538581e-04
3.052152092885867390e-02 1.498103464640561204e-02 2.046433614213880991e-03 8.455617109113914859e-04
3.097934374279154995e-02 2.115627066370768042e-02 2.564361969864217827e-03 8.582451365750623420e-04
3.144403389893342393e-02 2.060385576430994597e-02 2.477061246309082525e-03 8.711188136236882153e-04
3.191569440741742064e-02 1.473939580874172178e-02 1.861952366602193749e-03 8.841855958280434849e-04
3.239442982352867817e-02 1.641824409426177397e-02 2.036490271942146928e-03 8.974483797654639935e-04
3.288034627088160661e-02 1.805886983834682075e-02 2.421515108075846402e-03 9.109101054619459436e-04
3.337355146494482699e-02 1.267513581337300493e-02 1.870152664404657519e-03 9.245737570438750021e-04
3.387415473691899465e-02 1.794566785139861675e-02 2.415327778388088459e-03 9.384423633995329569e-04
3.438226705797277349e-02 1.437509071662517769e-02 2.107317577844382631e-03 9.525189988505257995e-04
3.489800106384236683e-02 1.069668803060247128e-02 1.629122965336894614e-03 9.668067838332837201e-04
3.542147107979999598e-02 1.100726375652223352e-02 1.676662359173929084e-03 9.813088855907827444e-04
3.595279314599699599e-02 6.691869646669096339e-03 1.235749838185922324e-03 9.960285188746445702e-04
3.649208504318694757e-02 4.149057881912813009e-03 9.036675509156118832e-04 1.010968946657764224e-03
3.703946631883474339e-02 1.906156124576201564e-03 6.210369304377180233e-04 1.026133480857630443e-03
3.759505831361725781e-02 3.776443162846000127e-03 8.755167060882336830e-04 1.041525483070494590e-03
3.815898418832151806e-02 2.110134333605518265e-03 6.330035498932659425e-04 1.057148365316552124e-03
3.873136895114633743e-02 2.246288888173479138e-03 6.742267220067800926e-04 1.073005590796300259e-03
3.931233948541353052e-02 4.350801759088761093e-03 9.243531927273766378e-04 1.089100674658244816e-03
3.990202457769472660e-02 6.095424901311398240e-03 1.201609315813256373e-03 1.105437184778118283e-03
4.050055494636014414e-02 5.247682677061989848e-03 1.177856876620366920e-03 1.122018742549789902e-03
4.110806327055554349e-02 8.532422681520683214e-03 1.437511312780188292e-03 1.138849023688036713e-03
4.172468421961386675e-02 9.653566517976304787e-03 1.613356196431923930e-03 1.155931759043356830e-03
4.235055448290807323e-02 1.029202060862898990e-02 1.650626280009542769e-03 1.173270735429007318e-03
4.298581280015168621e-02 8.568918929633670412e-03 1.629240986727898072e-03 1.190869796460442085e-03
4.363059999215396223e-02 5.883035839878943303e-03 1.313306249223182868e-03 1.208732843407348857e-03
4.428505899203626084e-02 5.186455243402948376e-03 1.073907468134048917e-03 1.226863836058458704e-03
4.494933487691681051e-02 3.328817858092541441e-03 7.947735350620917759e-04 1.245266793599335850e-03
4.562357490007055982e-02 2.272942196001158030e-03 7.029588764630240660e-04 1.263945795503325798e-03
4.630792852357160788e-02 1.714790658697718439e-03 6.014313259176381826e-04 1.282904982435875349e-03
4.700254745142518065e-02 2.045038093764371158e-03 6.319935661011678602e-04 1.302148557172413392e-03
4.770758566319655003e-02 1.047934030287814506e-03 4.109987897296513409e-04 1.321680785529999328e-03
4.842319944814449384e-02 1.078473835099654724e-03 5.049222044286177935e-04 1.341505997312949236e-03
4.914954743986665875e-02 9.602452671921263673e-04 5.312684002493410452e-04 1.361628587272643420e-03
4.988679065146466030e-02 1.960004516890772371e-03 5.887625209943095957e-04 1.382053016081733008e-03
5.063509251123662208e-02 2.330559556715979148e-03 7.751971398566854079e-04 1.402783811322958797e-03
5.139461889890516860e-02 3.802550234299006439e-03 9.736663329740500097e-04 1.423825568492803270e-03
5.216553818238874041e-02 2.640979099101910602e-03 9.952431084089511260e-04 1.445182952020195033e-03
5.294802125512455826e-02 3.081105906874144571e-03 9.389620088655450166e-04 1.466860696300497681e-03
5.374224157395142421e-02 2.179615529485765760e-03 6.602451994361999274e-04 1.488863606745004925e-03
5.454837519756069314e-02 7.733683834757420182e-04 6.748516205139694921e-04 1.511196560846180068e-03
5.536660082552409545e-02 2.214181600493502541e-03 8.161483062169126593e-04 1.533864509258872503e-03
5.619709983790695251e-02 6.077661689157473103e-04 3.644739849239398018e-04 1.556872476897755387e-03
5.704005633547555576e-02 1.535025488831838047e-03 7.181946581781475242e-04 1.580225564051221734e-03
5.789565718050768139e-02 2.214248633579946578e-03 1.387375376850836280e-03 1.603928947511990000e-03
5.876409203821528898e-02 4.552573213224417803e-04 4.680533783708531082e-04 1.627987881724669633e-03
6.054023672007033396e-02 1.185820494510423902e-03 7.705828580658142732e-04 1.677193815449797313e-03
