1.538750573636137910e-02 7.084779935370457693e-01 6.094011307479203082e-02 4.262921794567043699e-04
1.561831832240679827e-02 4.996243024088106166e-01 4.788736197794554034e-02 4.326865621485548622e-04
1.585259309724289939e-02 5.749349026444433575e-01 5.027138105824278946e-02 4.391768605807831738e-04
1.609038199370153854e-02 6.092955424180371837e-01 5.458330471708090770e-02 4.457645134894948173e-04
1.633173772360706211e-02 5.953189736034936175e-01 5.244398302021194974e-02 4.524509811918372179e-04
1.657671378946116644e-02 5.188557533818294321e-01 4.602074984569953092e-02 4.592377459097147260e-04
1.682536449630308434e-02 4.935578771035337153e-01 4.415959888424922375e-02 4.661263120983604770e-04
1.707774496374762918e-02 4.255732655047319568e-01 3.791604057690498020e-02 4.731182067798358408e-04
1.733391113820383772e-02 3.782386999479731560e-01 3.434651184388032991e-02 4.802149798815331938e-04
1.759391980527689331e-02 3.771675196157914245e-01 3.322560164694820378e-02 4.874182045797561722e-04
1.785782860235604619e-02 3.148512999572590232e-01 2.906590019867911698e-02 4.947294776484525416e-04
1.812569603139138619e-02 1.934996689602852815e-01 1.936360364759942207e-02 5.021504198131792641e-04
1.839758147186225726e-02 1.398396169958369684e-01 1.577814865106644954e-02 5.096826761103769032e-04
1.867354519394019002e-02 1.100116923810292302e-01 1.276017305980584916e-02 5.173279162520326218e-04
1.895364837184928750e-02 7.177546178327026682e-02 9.761736588834626915e-03 5.250878349958128721e-04
1.923795309742702686e-02 5.470697899899348154e-02 8.216370804607202663e-03 5.329641525207500733e-04
1.952652239388842983e-02 2.304133457992522255e-02 4.920100957829053219e-03 5.409586148085612865e-04
1.981942022979675533e-02 1.688428888842672185e-02 4.398015961322252615e-03 5.490729940306897415e-04
2.011671153324370506e-02 3.155527959925948783e-02 5.506129032787399763e-03 5.573090889411499906e-04
2.041846220624235833e-02 3.442359747037745943e-02 5.175468023661256890e-03 5.656687252752672177e-04
2.072473913933599310e-02 3.141611796323026673e-02 4.728724686444779612e-03 5.741537561543961403e-04
2.103561022642602696e-02 5.363122485223820179e-02 6.933971351367841651e-03 5.827660624967119854e-04
2.135114437982241556e-02 6.400552724118402370e-02 7.056503701389862417e-03 5.915075534341625524e-04
2.167141154551974896e-02 8.494151193055134164e-02 8.777172802560233300e-03 6.003801667356749305e-04
2.199648271870254315e-02 9.043709875491995343e-02 8.897477533069589328e-03 6.093858692367100025e-04
2.232642995948307812e-02 8.955858448647861791e-02 8.689723764395820838e-03 6.185266572752605788e-04
2.266132640887532149e-02 1.020392089600564711e-01 8.006641998393466964e-03 6.278045571343894397e-04
2.300124630500845202e-02 1.167319604678886957e-01 8.956342645086688009e-03 6.372216254914052965e-04
2.334626499958357762e-02 9.216881521050461490e-02 7.211211685653875179e-03 6.467799498737763098e-04
2.369645897457732867e-02 9.158067841392479591e-02 7.508579163543038087e-03 6.564816491218828645e-04
2.405190585919598709e-02 6.997473434874620923e-02 5.904688694669254362e-03 6.663288738587110809e-04
2.441268444708392243e-02 7.640820301901275757e-02 6.452871861177669754e-03 6.763238069665915807e-04
2.477887471379017909e-02 7.750108582772560761e-02 6.545005616511788242e-03 6.864686640710904088e-04
2.515055783449703097e-02 5.131717911749957700e-02 4.788339965139827396e-03 6.967656940321567379e-04
2.552781620201448332e-02 4.925312204843780572e-02 4.695886538493268883e-03 7.072171794426390266e-04
2.591073344504469730e-02 3.434269377372021342e-02 3.604812848995408037e-03 7.178254371342784879e-04
2.629939444672036580e-02 2.935828523187783076e-02 3.245689719431790136e-03 7.285928186912926218e-04
2.669388536342116522e-02 1.822991695689111374e-02 2.424742671877410174e-03 7.395217109716618973e-04
2.709429364387248157e-02 1.312103638733338497e-02 2.061600726492092417e-03 7.506145366362367835e-04
2.750070804853056716e-02 7.953364983959364601e-03 1.408422989426048573e-03 7.618737546857802740e-04
2.791321866925852366e-02 8.347795012706280340e-03 1.410477986900113756e-03 7.733018610060669006e-04
2.833191694929739629e-02 7.471816058533821067e-03 1.344654808710425697e-03 7.849013889211578238e-04
2.875689570353685831e-02 9.237507699225154176e-03 1.585579284675835794e-03 7.966749097549751663e-04
2.918824913908990570e-02 1.246566549412988015e-02 1.763059371533515956e-03 8.086250334012996203e-04
2.962607287617625290e-02 1.296601000939677853e-02 1.857262054423517491e-03 8.207544089023191590e-04
3.007046396931889465e-02 1.920930680325801457e-02 2.361999607840284225e-03 8.330657250358538581e-04
3.052152092885867390e-02 1.625061191880622369e-02 2.070262674563982160e-03 8.455617109113914859e-04
3.097934374279154995e-02 2.379030764698343223e-02 2.692360084615766629e-03 8.582451365750623420e-04
3.144403389893342393e-02 3.019759720686440024e-02 3.098708762842322228e-03 8.711188136236882153e-04
3.191569440741742064e-02 2.424146851719750570e-02 2.562067501457197284e-03 8.841855958280434849e-04
3.239442982352867817e-02 1.990305690517583936e-02 2.304701093357616054e-03 8.974483797654639935e-04
3.288034627088160661e-02 2.377344255648113427e-02 2.956642383686156842e-03 9.109101054619459436e-04
3.337355146494482699e-02 2.081764852342299701e-02 2.560625522611085017e-03 9.245737570438750021e-04
3.387415473691899465e-02 2.281677730045217345e-02 2.825214778287383696e-03 9.384423633995329569e-04
3.438226705797277349e-02 1.312557846182287914e-02 1.919479783336582208e-03 9.525189988505257995e-04
3.489800106384236683e-02 1.084774642491381780e-02 1.719473889466767609e-03 9.668067838332837201e-04
3.542147107979999598e-02 6.402042345992104908e-03 1.163219996300457124e-03 9.813088855907827444e-04
3.595279314599699599e-02 7.067087687695332646e-03 1.275144792664691671e-03 9.960285188746445702e-04
3.649208504318694757e-02 5.324980939426618952e-03 1.134856266804745023e-03 1.010968946657764224e-03
3.703946631883474339e-02 4.570135096028224778e-03 9.993471428343216664e-04 1.026133480857630443e-03
3.759505831361725781e-02 5.748743930561075847e-03 1.111442505787506091e-03 1.041525483070494590e-03
3.815898418832151806e-02 4.040322402511647981e-03 9.046576732475228441e-04 1.057148365316552124e-03
3.873136895114633743e-02 5.797027816186043833e-03 1.145049991974684449e-03 1.073005590796300259e-03
3.931233948541353052e-02 6.600072645222815511e-03 1.189674508697371926e-03 1.089100674658244816e-03
3.990202457769472660e-02 5.904720581150806752e-03 1.178112125141491176e-03 1.105437184778118283e-03
4.050055494636014414e-02 8.405349167304690394e-03 1.528184969022878571e-03 1.122018742549789902e-03
4.110806327055554349e-02 8.690902079816421183e-03 1.454453089197308259e-03 1.138849023688036713e-03
4.172468421961386675e-02 5.873688024964994654e-03 1.206638216382495800e-03 1.155931759043356830e-03
4.235055448290807323e-02 8.053906481051907942e-03 1.402661855694261033e-03 1.173270735429007318e-03
4.298581280015168621e-02 7.605556249608902419e-03 1.518472474506028314e-03 1.190869796460442085e-03
4.363059999215396223e-02 7.250216501306898202e-03 1.331699159536406645e-03 1.208732843407348857e-03
4.428505899203626084e-02 4.344648135392025282e-03 1.050110364063717907e-03 1.226863836058458704e-03
4.494933487691681051e-02 7.601009984444398113e-03 1.321318552581724013e-03 1.245266793599335850e-03
4.562357490007055982e-02 5.108933349847847270e-03 1.134980115689810656e-03 1.263945795503325798e-03
4.630792852357160788e-02 3.045425009900749533e-03 8.306899372113388247e-04 1.282904982435875349e-03
4.700254745142518065e-02 5.107410189569085851e-03 1.089498209689570771e-03 1.302148557172413392e-03
4.770758566319655003e-02 1.919263951339497459e-03 6.934487183038828915e-04 1.321680785529999328e-03
4.842319944814449384e-02 2.370236172520670884e-03 7.864885842899909654e-04 1.341505997312949236e-03
4.914954743986665875e-02 1.824955373875934402e-03 5.467118882112807473e-04 1.361628587272643420e-03
4.988679065146466030e-02 3.162950114464161983e-03 7.807371306030601484e-04 1.382053016081733008e-03
5.063509251123662208e-02 4.021429404880057408e-03 1.081759913018400313e-03 1.402783811322958797e-03
5.139461889890516860e-02 3.075133075262723430e-03 8.520351312731028583e-04 1.423825568492803270e-03
5.216553818238874041e-02 3.255046312252386862e-03 1.093994412560703308e-03 1.445182952020195033e-03
5.294802125512455826e-02 2.667583653978396457e-03 8.566556904405275624e-04 1.466860696300497681e-03
5.374224157395142421e-02 3.266107540563379080e-03 8.513828898106285282e-04 1.488863606745004925e-03
5.454837519756069314e-02 2.821611334361549209e-03 9.147177024805402132e-04 1.511196560846180068e-03
5.536660082552409545e-02 2.433129646364794174e-03 8.663286946717141173e-04 1.533864509258872503e-03
5.619709983790695251e-02 1.146838492616825220e-03 9.103516271058008803e-04 1.556872476897755387e-03
5.704005633547555576e-02 2.044624947721245325e-03 8.607775397349605711e-04 1.580225564051221734e-03
5.789565718050768139e-02 2.654403608703908950e-03 1.590988975204067233e-03 1.603928947511990000e-03
5.876409203821528898e-02 1.364386837910555161e-03 8.524284168042636474e-04 1.627987881724669633e-03
5.964555341878850780e-02 1.157241967551153172e-03 6.299399642499928275e-04 1.652407699950539204e-03
6.054023672007033396e-02 7.897452466539357828e-04 6.060732298236493109e-04 1.677193815449797313e-03
