1.538750573636137910e-02 7.969104589077093959e-01 6.727655042538678576e-02 4.262921794567043699e-04
1.561831832240679827e-02 8.773900695490535195e-01 6.880636748035914851e-02 4.326865621485548622e-04
1.585259309724289939e-02 7.695349243908460313e-01 6.124643588819998763e-02 4.391768605807831738e-04
1.609038199370153854e-02 7.628077862585336266e-01 6.569066463814543511e-02 4.457645134894948173e-04
1.633173772360706211e-02 6.026995118739422175e-01 5.404689367784969861e-02 4.524509811918372179e-04
1.657671378946116644e-02 4.811525160902342391e-01 4.459195943544051743e-02 4.592377459097147260e-04
1.682536449630308434e-02 4.385127831201399706e-01 4.026986646842968531e-02 4.661263120983604770e-04
1.707774496374762918e-02 3.964975059981339367e-01 3.683651108533107094e-02 4.731182067798358408e-04
1.733391113820383772e-02 3.261252822170432331e-01 3.115827950704400801e-02 4.802149798815331938e-04
1.759391980527689331e-02 1.956570582408201087e-01 2.173654619302881064e-02 4.874182045797561722e-04
1.785782860235604619e-02 1.278094817073177070e-01 1.609430640250116354e-02 4.947294776484525416e-04
1.812569603139138619e-02 8.988699127433225078e-02 1.174545909295102511e-02 5.021504198131792641e-04
1.839758147186225726e-02 2.268655843828613558e-02 7.236263633452630351e-03 5.096826761103769032e-04
1.867354519394019002e-02 1.277815140485031621e-02 7.204342540762014892e-03 5.173279162520326218e-04
1.895364837184928750e-02 2.003025787450074188e-02 5.212364835724169268e-03 5.250878349958128721e-04
1.923795309742702686e-02 2.367700990736290589e-02 5.446623043414209990e-03 5.329641525207500733e-04
1.952652239388842983e-02 5.774235762806090300e-02 8.286909972794510165e-03 5.409586148085612865e-04
1.981942022979675533e-02 6.309654094893592247e-02 8.741118385771240451e-03 5.490729940306897415e-04
2.011671153324370506e-02 7.697383620514500202e-02 9.314691929309924096e-03 5.573090889411499906e-04
2.041846220624235833e-02 8.115459020241500010e-02 8.875052317146437178e-03 5.656687252752672177e-04
2.072473913933599310e-02 8.806079049781864732e-02 9.134577174998615920e-03 5.741537561543961403e-04
2.103561022642602696e-02 1.044583347574659093e-01 1.059823747785092890e-02 5.827660624967119854e-04
2.135114437982241556e-02 1.113464543489770392e-01 1.060912984085216927e-02 5.915075534341625524e-04
2.167141154551974896e-02 1.100968511486906942e-01 1.065815503291090739e-02 6.003801667356749305e-04
2.199648271870254315e-02 8.702254207490611737e-02 8.854098352281222772e-03 6.093858692367100025e-04
2.232642995948307812e-02 1.031850598636338823e-01 9.638854225660286115e-03 6.185266572752605788e-04
2.266132640887532149e-02 7.035111562222814974e-02 6.330167513102345593e-03 6.278045571343894397e-04
2.300124630500845202e-02 9.012056346222117875e-02 7.429722096602781913e-03 6.372216254914052965e-04
2.334626499958357762e-02 6.115600173760719904e-02 5.623806397411999433e-03 6.467799498737763098e-04
2.369645897457732867e-02 6.186190591765127617e-02 5.884690650321889802e-03 6.564816491218828645e-04
2.405190585919598709e-02 4.600512265365178793e-02 4.485837042086919350e-03 6.663288738587110809e-04
2.441268444708392243e-02 3.960154438369986596e-02 4.256455100934770225e-03 6.763238069665915807e-04
2.477887471379017909e-02 4.119304168133189337e-02 4.423186053636052155e-03 6.864686640710904088e-04
2.515055783449703097e-02 2.102058118606574266e-02 2.891039867582167761e-03 6.967656940321567379e-04
2.552781620201448332e-02 2.078265417663634554e-02 3.018175260779477551e-03 7.072171794426390266e-04
2.591073344504469730e-02 2.055971971524129388e-02 2.856966422915606894e-03 7.178254371342784879e-04
2.629939444672036580e-02 1.513498586035550916e-02 2.204570594474136464e-03 7.285928186912926218e-04
2.669388536342116522e-02 1.186440649072109318e-02 2.270793610764851572e-03 7.395217109716618973e-04
2.709429364387248157e-02 1.061520402045866389e-02 1.858899860323005989e-03 7.506145366362367835e-04
2.750070804853056716e-02 1.017450490367295506e-02 1.821597631799304166e-03 7.618737546857802740e-04
2.791321866925852366e-02 7.938816548714510909e-03 1.373550198981148256e-03 7.733018610060669006e-04
2.833191694929739629e-02 6.168110699245156654e-03 1.213244218729614974e-03 7.849013889211578238e-04
2.875689570353685831e-02 9.295010078052079808e-03 1.493141376493406242e-03 7.966749097549751663e-04
2.918824913908990570e-02 9.107072332379194390e-03 1.477200280948964091e-03 8.086250334012996203e-04
2.962607287617625290e-02 1.497677669379647580e-02 2.106099609525930762e-03 8.207544089023191590e-04
3.007046396931889465e-02 1.446796030288740979e-02 1.936186796457429636e-03 8.330657250358538581e-04
3.052152092885867390e-02 2.171977534456590378e-02 2.478778170241445564e-03 8.455617109113914859e-04
3.097934374279154995e-02 1.640898420179193531e-02 2.137365441511407307e-03 8.582451365750623420e-04
3.144403389893342393e-02 1.541358759268560141e-02 2.092833151160025575e-03 8.711188136236882153e-04
3.191569440741742064e-02 1.634998211494036180e-02 2.042348172159850431e-03 8.841855958280434849e-04
3.239442982352867817e-02 1.681064181688232337e-02 2.068361004238946765e-03 8.974483797654639935e-04
3.288034627088160661e-02 1.808409453808130368e-02 2.424897489811276251e-03 9.109101054619459436e-04
3.337355146494482699e-02 1.523857968726374627e-02 2.171456957546542485e-03 9.245737570438750021e-04
3.387415473691899465e-02 1.563687281585070254e-02 2.214323275035312046e-03 9.384423633995329569e-04
3.438226705797277349e-02 1.227303183063534892e-02 1.924926589778944196e-03 9.525189988505257995e-04
3.489800106384236683e-02 1.226968436336255477e-02 1.773255202690870004e-03 9.668067838332837201e-04
3.542147107979999598e-02 7.308811674856505874e-03 1.257998961309809939e-03 9.813088855907827444e-04
3.595279314599699599e-02 6.669306319704630670e-03 1.332063748524208845e-03 9.960285188746445702e-04
3.649208504318694757e-02 4.472237929369575656e-03 1.046552373953713554e-03 1.010968946657764224e-03
3.703946631883474339e-02 3.404059927395557995e-03 9.854044656788124058e-04 1.026133480857630443e-03
3.759505831361725781e-02 3.781718113366150987e-03 8.767396312336767344e-04 1.041525483070494590e-03
3.815898418832151806e-02 2.435913715685654023e-03 8.253385928949931970e-04 1.057148365316552124e-03
3.873136895114633743e-02 3.124203490614437407e-03 1.064787589181782120e-03 1.073005590796300259e-03
3.931233948541353052e-02 5.163708415921100872e-03 1.024322042269344528e-03 1.089100674658244816e-03
3.990202457769472660e-02 7.768649654890614695e-03 1.397664233046718493e-03 1.105437184778118283e-03
4.050055494636014414e-02 7.016469418431782283e-03 1.378149147411245924e-03 1.122018742549789902e-03
4.110806327055554349e-02 6.505984990335623649e-03 1.286100610358544829e-03 1.138849023688036713e-03
4.172468421961386675e-02 8.379936263828125301e-03 1.416168966228380710e-03 1.155931759043356830e-03
4.235055448290807323e-02 9.590674560945285435e-03 1.637906741184782990e-03 1.173270735429007318e-03
4.298581280015168621e-02 5.518563676625684068e-03 1.274866189009130329e-03 1.190869796460442085e-03
4.363059999215396223e-02 5.120435100138509901e-03 1.065100842905844763e-03 1.208732843407348857e-03
4.428505899203626084e-02 5.031396588530557233e-03 1.053977453875274599e-03 1.226863836058458704e-03
4.494933487691681051e-02 2.804345728312692462e-03 9.299048632707415185e-04 1.245266793599335850e-03
4.562357490007055982e-02 3.224499154895215172e-03 8.600397155145907699e-04 1.263945795503325798e-03
4.630792852357160788e-02 3.052774906612213974e-03 8.326947428519004693e-04 1.282904982435875349e-03
4.700254745142518065e-02 1.365263073959819195e-03 5.056468415745665485e-04 1.302148557172413392e-03
4.770758566319655003e-02 1.199311758426643100e-03 4.422241484289050851e-04 1.321680785529999328e-03
4.842319944814449384e-02 1.943964452796255200e-03 7.017298140398420475e-04 1.341505997312949236e-03
4.914954743986665875e-02 1.688639780233335648e-03 5.236300876280916040e-04 1.361628587272643420e-03
4.988679065146466030e-02 2.415682780104275174e-03 6.651251816121405000e-04 1.382053016081733008e-03
5.063509251123662208e-02 2.545979881508697498e-03 8.173433701982598483e-04 1.402783811322958797e-03
5.139461889890516860e-02 1.390171713958729101e-03 8.590314550214945589e-04 1.423825568492803270e-03
5.216553818238874041e-02 4.327638592900710270e-03 1.145397977639605160e-03 1.445182952020195033e-03
5.294802125512455826e-02 3.051127278633217459e-03 1.077888456247527108e-03 1.466860696300497681e-03
5.374224157395142421e-02 2.026755737451301290e-03 6.320551993340557369e-04 1.488863606745004925e-03
5.454837519756069314e-02 2.626390997426461017e-03 8.734041699197688359e-04 1.511196560846180068e-03
5.536660082552409545e-02 1.330364626786752170e-03 5.987127847942330140e-04 1.533864509258872503e-03
5.619709983790695251e-02 2.231588696582320966e-03 7.640027780877933685e-04 1.556872476897755387e-03
5.704005633547555576e-02 2.561949364023310082e-04 2.628011970106877183e-04 1.580225564051221734e-03
5.789565718050768139e-02 1.773873203757152456e-03 1.180107527186893216e-03 1.603928947511990000e-03
5.876409203821528898e-02 1.367679679566653501e-03 8.544856865768108009e-04 1.627987881724669633e-03
5.964555341878850780e-02 5.800174405761908186e-04 4.287080331679431937e-04 1.652407699950539204e-03
6.054023672007033396e-02 1.187476853196254125e-03 7.716592112035933031e-04 1.677193815449797313e-03
