1.538750573636137910e-02 5.011426483733146808e-01 4.882073600990358836e-02 4.262921794567043699e-04
1.561831832240679827e-02 4.382153404377815975e-01 4.430262809050100614e-02 4.326865621485548622e-04
1.585259309724289939e-02 4.592014453142362340e-01 4.297822941761155618e-02 4.391768605807831738e-04
1.609038199370153854e-02 4.200336057647056642e-01 4.196386905475421591e-02 4.457645134894948173e-04
1.633173772360706211e-02 3.913973445015851427e-01 3.889244388053086920e-02 4.524509811918372179e-04
1.657671378946116644e-02 4.079481955397912252e-01 3.870104995199084158e-02 4.592377459097147260e-04
1.682536449630308434e-02 3.442499760227361594e-01 3.400750814127527499e-02 4.661263120983604770e-04
1.707774496374762918e-02 3.191545032181872799e-01 3.113450159126454966e-02 4.731182067798358408e-04
1.733391113820383772e-02 3.155083984412723752e-01 3.078463661041390062e-02 4.802149798815331938e-04
1.759391980527689331e-02 2.343299818300238757e-01 2.407057018669564105e-02 4.874182045797561722e-04
1.785782860235604619e-02 2.270773586508045006e-01 2.289350812604535462e-02 4.947294776484525416e-04
1.812569603139138619e-02 1.863949125763368631e-01 1.890412535235812611e-02 5.021504198131792641e-04
1.839758147186225726e-02 1.375635805330183148e-01 1.538221363877646276e-02 5.096826761103769032e-04
1.867354519394019002e-02 1.168471073489311673e-01 1.358183190651807148e-02 5.173279162520326218e-04
1.895364837184928750e-02 8.879055199847124547e-02 1.079394479286304581e-02 5.250878349958128721e-04
1.923795309742702686e-02 7.544169043529629082e-02 9.579069761803745905e-03 5.329641525207500733e-04
1.952652239388842983e-02 6.520759538595038984e-02 9.945469745007508994e-03 5.409586148085612865e-04
1.981942022979675533e-02 5.219176808276105445e-02 7.319273344715319062e-03 5.490729940306897415e-04
2.011671153324370506e-02 4.128957514131526008e-02 6.069216684218147959e-03 5.573090889411499906e-04
2.041846220624235833e-02 2.950654436870034023e-02 4.741719807330100483e-03 5.656687252752672177e-04
2.072473913933599310e-02 3.268513926306945011e-02 5.089744079759849979e-03 5.741537561543961403e-04
2.103561022642602696e-02 4.060660970377614337e-02 5.929719006525998454e-03 5.827660624967119854e-04
2.135114437982241556e-02 2.845379345267953081e-02 4.641591858486391817e-03 5.915075534341625524e-04
2.167141154551974896e-02 5.307013414619862757e-02 6.427374265692456339e-03 6.003801667356749305e-04
2.199648271870254315e-02 5.718622071834383869e-02 6.497722685338323464e-03 6.093858692367100025e-04
2.232642995948307812e-02 5.242473160410171529e-02 6.052046541439743896e-03 6.185266572752605788e-04
2.266132640887532149e-02 6.609837574528754089e-02 6.103722589932684094e-03 6.278045571343894397e-04
2.300124630500845202e-02 7.280185728588238481e-02 6.492008677706292627e-03 6.372216254914052965e-04
2.334626499958357762e-02 6.704402675364375119e-02 5.957692384759191197e-03 6.467799498737763098e-04
2.369645897457732867e-02 7.232134235984188919e-02 6.570849608429058138e-03 6.564816491218828645e-04
2.405190585919598709e-02 6.356926529683629146e-02 5.570973469585651511e-03 6.663288738587110809e-04
2.441268444708392243e-02 6.556635872348665073e-02 5.773346555552375317e-03 6.763238069665915807e-04
2.477887471379017909e-02 5.866057198535348099e-02 5.436623549209595140e-03 6.864686640710904088e-04
2.515055783449703097e-02 5.568083536227876745e-02 5.063287039722837515e-03 6.967656940321567379e-04
2.552781620201448332e-02 5.173095590918132952e-02 4.929348771453001370e-03 7.072171794426390266e-04
2.591073344504469730e-02 4.487572683281886021e-02 4.347196165757144341e-03 7.178254371342784879e-04
2.629939444672036580e-02 3.263603570885814653e-02 3.472199878172177370e-03 7.285928186912926218e-04
2.669388536342116522e-02 2.902109379272715603e-02 3.205481698882056002e-03 7.395217109716618973e-04
2.709429364387248157e-02 2.445278099282359452e-02 2.815531694409485666e-03 7.506145366362367835e-04
2.750070804853056716e-02 2.195088959959148184e-02 2.522385071000128338e-03 7.618737546857802740e-04
2.791321866925852366e-02 1.335355447493811500e-02 1.842446315984461441e-03 7.733018610060669006e-04
2.833191694929739629e-02 1.323087227402156875e-02 1.944745420446999159e-03 7.849013889211578238e-04
2.875689570353685831e-02 1.014329334566100443e-02 1.666165184868687683e-03 7.966749097549751663e-04
2.918824913908990570e-02 1.041735732395089424e-02 1.595671549285148727e-03 8.086250334012996203e-04
2.962607287617625290e-02 1.394659124017221495e-02 1.942815161618146897e-03 8.207544089023191590e-04
3.007046396931889465e-02 1.241827806207192707e-02 1.772195389478822304e-03 8.330657250358538581e-04
3.052152092885867390e-02 1.736513958446532849e-02 2.229349967250873841e-03 8.455617109113914859e-04
3.097934374279154995e-02 2.459742283671771321e-02 2.756866680876873289e-03 8.582451365750623420e-04
3.144403389893342393e-02 1.948881164094199564e-02 2.337508456544081480e-03 8.711188136236882153e-04
3.191569440741742064e-02 1.713500347039795604e-02 2.103532036830639638e-03 8.841855958280434849e-04
3.239442982352867817e-02 1.706011209754304536e-02 2.090758167339210483e-03 8.974483797654639935e-04
3.288034627088160661e-02 2.004895746036696944e-02 2.668787474297659897e-03 9.109101054619459436e-04
3.337355146494482699e-02 1.619642725858804616e-02 2.182236553089809787e-03 9.245737570438750021e-04
3.387415473691899465e-02 2.155331514791310188e-02 2.726074807595479411e-03 9.384423633995329569e-04
3.438226705797277349e-02 1.746781723370502068e-02 2.307611717955263594e-03 9.525189988505257995e-04
3.489800106384236683e-02 1.642189526477154729e-02 2.136028975961622601e-03 9.668067838332837201e-04
3.542147107979999598e-02 1.181022036510310895e-02 1.686293611175093124e-03 9.813088855907827444e-04
3.595279314599699599e-02 1.249252239080848349e-02 1.806632694787905450e-03 9.960285188746445702e-04
3.649208504318694757e-02 8.167581211049398590e-03 1.343239551500251911e-03 1.010968946657764224e-03
3.703946631883474339e-02 6.291160952123456968e-03 1.304120590829274586e-03 1.026133480857630443e-03
3.759505831361725781e-02 7.049943178877062823e-03 1.256592990788521925e-03 1.041525483070494590e-03
3.815898418832151806e-02 4.595783456001053743e-03 9.761876345238080588e-04 1.057148365316552124e-03
3.873136895114633743e-02 6.397652271537702245e-03 1.216719859514847971e-03 1.073005590796300259e-03
3.931233948541353052e-02 5.966283779284068008e-03 1.197826975046099125e-03 1.089100674658244816e-03
3.990202457769472660e-02 6.096244439078982169e-03 1.298653750495397038e-03 1.105437184778118283e-03
4.050055494636014414e-02 6.365399087584986022e-03 1.223223599227806326e-03 1.122018742549789902e-03
4.110806327055554349e-02 1.042680440007214687e-02 1.645502528138646173e-03 1.138849023688036713e-03
4.172468421961386675e-02 8.741733443386823579e-03 1.458048222055330053e-03 1.155931759043356830e-03
4.235055448290807323e-02 1.000079999553711921e-02 1.621740291059529547e-03 1.173270735429007318e-03
4.298581280015168621e-02 7.877097349094480325e-03 1.469935305726487434e-03 1.190869796460442085e-03
4.363059999215396223e-02 8.953443196149740713e-03 1.538548175537813711e-03 1.208732843407348857e-03
4.428505899203626084e-02 6.815543262884148773e-03 1.353684295241621913e-03 1.226863836058458704e-03
4.494933487691681051e-02 6.187750019208953546e-03 1.232682015982054357e-03 1.245266793599335850e-03
4.562357490007055982e-02 4.728240022435351193e-03 1.193450544417325437e-03 1.263945795503325798e-03
4.630792852357160788e-02 4.213554659026991396e-03 1.009109939003540075e-03 1.282904982435875349e-03
4.700254745142518065e-02 2.883683757019022287e-03 8.924995553038768230e-04 1.302148557172413392e-03
4.770758566319655003e-02 2.558245251759847568e-03 6.758152134889438287e-04 1.321680785529999328e-03
4.842319944814449384e-02 4.336376239308335594e-03 1.140677405987375543e-03 1.341505997312949236e-03
4.914954743986665875e-02 2.401352091793046081e-03 6.427640552614506762e-04 1.361628587272643420e-03
4.988679065146466030e-02 1.818663361138286470e-03 5.653774141993175763e-04 1.382053016081733008e-03
5.063509251123662208e-02 1.881262901781343691e-03 8.841295215467073971e-04 1.402783811322958797e-03
5.139461889890516860e-02 5.278505943349586123e-03 1.208633299001484135e-03 1.423825568492803270e-03
5.216553818238874041e-02 3.930397202170116122e-03 1.076835368462206871e-03 1.445182952020195033e-03
5.294802125512455826e-02 4.129549866525664310e-03 1.139971971927156635e-03 1.466860696300497681e-03
5.374224157395142421e-02 1.877977806351331051e-03 6.046510944903455559e-04 1.488863606745004925e-03
5.454837519756069314e-02 4.055992797443473685e-03 1.173198139416968284e-03 1.511196560846180068e-03
5.536660082552409545e-02 3.301485129097496852e-03 1.210636834086546753e-03 1.533864509258872503e-03
5.619709983790695251e-02 1.425511280939515107e-03 5.862946393368224235e-04 1.556872476897755387e-03
5.704005633547555576e-02 1.028683286799128571e-03 5.655298632200691546e-04 1.580225564051221734e-03
5.789565718050768139e-02 1.335472616499284873e-03 9.684890157887965974e-04 1.603928947511990000e-03
5.876409203821528898e-02 2.745778757031286117e-03 1.298585866949000323e-03 1.627987881724669633e-03
5.964555341878850780e-02 1.164453629629397637e-03 6.338656032080801144e-04 1.652407699950539204e-03
6.054023672007033396e-02 7.946667548661034064e-04 6.098501368584050312e-04 1.677193815449797313e-03
