1.538750573636137910e-02 7.723502687318868354e-01 6.459005855697456944e-02 4.262921794567043699e-04
1.561831832240679827e-02 8.087240545655043356e-01 6.497635426263763392e-02 4.326865621485548622e-04
1.585259309724289939e-02 8.057759709035577922e-01 6.277648059550622328e-02 4.391768605807831738e-04
1.609038199370153854e-02 7.426698769302823022e-01 6.509876297865027639e-02 4.457645134894948173e-04
1.633173772360706211e-02 6.829394013578196088e-01 5.882223379369835858e-02 4.524509811918372179e-04
1.657671378946116644e-02 6.069640187475771054e-01 5.237992705386794456e-02 4.592377459097147260e-04
1.682536449630308434e-02 5.394746976467860167e-01 4.659483704762431427e-02 4.661263120983604770e-04
1.707774496374762918e-02 4.328523936092609770e-01 3.840877480244960646e-02 4.731182067798358408e-04
1.733391113820383772e-02 3.909474329464906472e-01 3.598717950922020181e-02 4.802149798815331938e-04
1.759391980527689331e-02 2.939010809705761562e-01 2.774538039834373304e-02 4.874182045797561722e-04
1.785782860235604619e-02 2.024464547154710692e-01 2.209002581189078301e-02 4.947294776484525416e-04
1.812569603139138619e-02 1.273520775835234875e-01 1.494972287994087920e-02 5.021504198131792641e-04
1.839758147186225726e-02 6.575086571039001626e-02 1.072394281729350564e-02 5.096826761103769032e-04
1.867354519394019002e-02 3.163686904906650582e-02 8.651172763578700645e-03 5.173279162520326218e-04
1.895364837184928750e-02 2.288138546930568520e-02 5.507986677534718739e-03 5.250878349958128721e-04
1.923795309742702686e-02 1.906667321311760963e-02 4.962284809212754062e-03 5.329641525207500733e-04
1.952652239388842983e-02 2.979028843349775316e-02 5.667051772431376880e-03 5.409586148085612865e-04
1.981942022979675533e-02 4.610454771646982364e-02 7.106861881808097803e-03 5.490729940306897415e-04
2.011671153324370506e-02 6.989657485441862217e-02 8.379407233884458850e-03 5.573090889411499906e-04
2.041846220624235833e-02 8.358924763068519004e-02 9.048953916639842360e-03 5.656687252752672177e-04
2.072473913933599310e-02 8.968010451063408717e-02 9.246613183139289205e-03 5.741537561543961403e-04
2.103561022642602696e-02 1.049396568637587096e-01 1.062656274958052177e-02 5.827660624967119854e-04
2.135114437982241556e-02 1.077104549208130202e-01 1.027028213435483665e-02 5.915075534341625524e-04
2.167141154551974896e-02 1.278124082490448843e-01 1.177635263424389560e-02 6.003801667356749305e-04
2.199648271870254315e-02 1.080845450598775931e-01 1.037979565638121569e-02 6.093858692367100025e-04
2.232642995948307812e-02 1.029610326438713808e-01 9.690546128211831312e-03 6.185266572752605788e-04
2.266132640887532149e-02 9.764011143966924711e-02 7.781662764045247163e-03 6.278045571343894397e-04
2.300124630500845202e-02 9.256101477985306802e-02 7.556297679731602615e-03 6.372216254914052965e-04
2.334626499958357762e-02 7.800615262905923053e-02 6.462761266301465281e-03 6.467799498737763098e-04
2.369645897457732867e-02 6.900739368573480248e-02 6.465101895622326310e-03 6.564816491218828645e-04
2.405190585919598709e-02 5.971993105700407894e-02 5.495065734312784556e-03 6.663288738587110809e-04
2.441268444708392243e-02 4.791881701891626683e-02 4.694043840146607839e-03 6.763238069665915807e-04
2.477887471379017909e-02 3.752913570827115519e-02 4.464126651331586440e-03 6.864686640710904088e-04
2.515055783449703097e-02 2.413603437741328184e-02 3.005196284056212922e-03 6.967656940321567379e-04
2.552781620201448332e-02 2.006778859723672148e-02 3.078462284878885798e-03 7.072171794426390266e-04
2.591073344504469730e-02 1.747429133324707173e-02 2.413601097633692391e-03 7.178254371342784879e-04
2.629939444672036580e-02 1.399355362957706815e-02 2.108270932205400742e-03 7.285928186912926218e-04
2.669388536342116522e-02 8.896748920150928872e-03 1.913059337595620019e-03 7.395217109716618973e-04
2.709429364387248157e-02 8.868367286980814376e-03 1.571787547046136742e-03 7.506145366362367835e-04
2.750070804853056716e-02 1.069048361435508132e-02 1.658380530498951072e-03 7.618737546857802740e-04
2.791321866925852366e-02 1.049832165259224903e-02 1.603049972358088849e-03 7.733018610060669006e-04
2.833191694929739629e-02 9.678689487806835592e-03 1.551684412431127450e-03 7.849013889211578238e-04
2.875689570353685831e-02 1.265663312130855568e-02 1.778438956082028025e-03 7.966749097549751663e-04
2.918824913908990570e-02 1.564990849507557485e-02 2.014388253503580310e-03 8.086250334012996203e-04
2.962607287617625290e-02 1.808778857156266573e-02 2.337299879203349594e-03 8.207544089023191590e-04
3.007046396931889465e-02 1.549386223008632213e-02 2.015995759111996379e-03 8.330657250358538581e-04
3.052152092885867390e-02 1.393749948316727258e-02 1.966515350579843644e-03 8.455617109113914859e-04
3.097934374279154995e-02 1.897040745149084634e-02 2.404046501432790216e-03 8.582451365750623420e-04
3.144403389893342393e-02 1.685044985315065080e-02 2.200539649890168210e-03 8.711188136236882153e-04
3.191569440741742064e-02 1.761440015496126138e-02 2.081701251527539719e-03 8.841855958280434849e-04
3.239442982352867817e-02 1.598691802909875739e-02 2.115771639765201551e-03 8.974483797654639935e-04
3.288034627088160661e-02 1.829864155873838980e-02 2.441666130543630048e-03 9.109101054619459436e-04
3.337355146494482699e-02 1.611156866894417061e-02 2.170803073766996646e-03 9.245737570438750021e-04
3.387415473691899465e-02 1.934296054449414701e-02 2.535031543450581067e-03 9.384423633995329569e-04
3.438226705797277349e-02 1.398580034607869137e-02 1.997988611793251931e-03 9.525189988505257995e-04
3.489800106384236683e-02 1.108504471642784810e-02 1.664892028086919573e-03 9.668067838332837201e-04
3.542147107979999598e-02 9.938623163157137702e-03 1.582294056827729736e-03 9.813088855907827444e-04
3.595279314599699599e-02 6.468449161779810282e-03 1.311038075821452245e-03 9.960285188746445702e-04
3.649208504318694757e-02 6.396110076756386827e-03 1.158340452437300189e-03 1.010968946657764224e-03
3.703946631883474339e-02 4.193311286983535807e-03 9.525744732311809985e-04 1.026133480857630443e-03
3.759505831361725781e-02 3.956054739653637464e-03 8.984998947237906935e-04 1.041525483070494590e-03
3.815898418832151806e-02 1.904876909908648002e-03 7.557956475815416370e-04 1.057148365316552124e-03
3.873136895114633743e-02 2.433344892552772188e-03 7.039082503386914508e-04 1.073005590796300259e-03
3.931233948541353052e-02 3.061505793865377037e-03 7.544734342858104093e-04 1.089100674658244816e-03
3.990202457769472660e-02 4.617490463124239615e-03 1.017508674342482763e-03 1.105437184778118283e-03
4.050055494636014414e-02 6.126843318734346081e-03 1.278051045505594618e-03 1.122018742549789902e-03
4.110806327055554349e-02 8.699243402800867914e-03 1.455849038993002565e-03 1.138849023688036713e-03
4.172468421961386675e-02 7.984944335212915481e-03 1.500091351719871381e-03 1.155931759043356830e-03
4.235055448290807323e-02 6.660855632436075979e-03 1.321397362815717120e-03 1.173270735429007318e-03
4.298581280015168621e-02 1.108482781326125717e-02 1.844015721520183507e-03 1.190869796460442085e-03
4.363059999215396223e-02 5.442881316170946303e-03 1.106299011750796774e-03 1.208732843407348857e-03
4.428505899203626084e-02 5.672371338620108353e-03 1.137240088339438928e-03 1.226863836058458704e-03
4.494933487691681051e-02 6.023241659957261074e-03 1.138072748743152287e-03 1.245266793599335850e-03
4.562357490007055982e-02 3.377657628718324419e-03 1.013099941841628937e-03 1.263945795503325798e-03
4.630792852357160788e-02 3.048347937049069277e-03 8.314872138349357639e-04 1.282904982435875349e-03
4.700254745142518065e-02 2.698164751900085454e-03 8.646647349915851863e-04 1.302148557172413392e-03
4.770758566319655003e-02 1.646662299124944124e-03 5.255719073256337470e-04 1.321680785529999328e-03
4.842319944814449384e-02 5.751541986269286281e-04 8.767814105572990747e-04 1.341505997312949236e-03
4.914954743986665875e-02 1.124127337250627754e-03 4.173259618340580579e-04 1.361628587272643420e-03
4.988679065146466030e-02 2.864463378539096588e-03 7.355686641857547099e-04 1.382053016081733008e-03
5.063509251123662208e-02 5.720147637219984323e-03 1.362858553932066443e-03 1.402783811322958797e-03
5.139461889890516860e-02 4.164467285692709762e-03 1.032115642181804811e-03 1.423825568492803270e-03
5.216553818238874041e-02 3.086687774829068379e-03 9.213546204671717700e-04 1.445182952020195033e-03
5.294802125512455826e-02 3.252098385901978916e-03 1.111110334068126466e-03 1.466860696300497681e-03
5.374224157395142421e-02 2.490851256078831840e-03 7.168757359300593612e-04 1.488863606745004925e-03
5.454837519756069314e-02 2.622582346817685719e-03 8.721376062867334253e-04 1.511196560846180068e-03
5.536660082552409545e-02 2.878276708100291435e-03 9.666441079312076013e-04 1.533864509258872503e-03
5.619709983790695251e-02 1.181702118854295732e-03 7.467771172194171249e-04 1.556872476897755387e-03
5.704005633547555576e-02 1.279117081598293197e-03 6.424136319228478066e-04 1.580225564051221734e-03
5.789565718050768139e-02 2.214126035605965947e-03 1.387298560992051124e-03 1.603928947511990000e-03
5.876409203821528898e-02 1.365696344240993360e-03 8.532465575082298984e-04 1.627987881724669633e-03
5.964555341878850780e-02 5.791763305585599479e-04 4.280863438942927564e-04 1.652407699950539204e-03
6.054023672007033396e-02 1.185754838292812571e-03 7.705401926235731303e-04 1.677193815449797313e-03
