1.538750573636137910e-02 7.524291254816781738e-01 6.349482868255945656e-02 4.262921794567043699e-04
1.561831832240679827e-02 8.190610216548162015e-01 6.611976970162408707e-02 4.326865621485548622e-04
1.585259309724289939e-02 7.871109329159535761e-01 6.177018069362761460e-02 4.391768605807831738e-04
1.609038199370153854e-02 7.871194513292539829e-01 6.654295857022443639e-02 4.457645134894948173e-04
1.633173772360706211e-02 7.299467976807716418e-01 6.121901637599123924e-02 4.524509811918372179e-04
1.657671378946116644e-02 7.198481997322437875e-01 5.937166514955335289e-02 4.592377459097147260e-04
1.682536449630308434e-02 5.282671799339747620e-01 4.616113727020498825e-02 4.661263120983604770e-04
1.707774496374762918e-02 4.899934770704217901e-01 4.243718022387713007e-02 4.731182067798358408e-04
1.733391113820383772e-02 4.102263121235539822e-01 3.675487701848855621e-02 4.802149798815331938e-04
1.759391980527689331e-02 3.446497342584837198e-01 3.134573523116648136e-02 4.874182045797561722e-04
1.785782860235604619e-02 2.814848229219469311e-01 2.685938555727631141e-02 4.947294776484525416e-04
1.812569603139138619e-02 1.573130852542524161e-01 1.682245249271338214e-02 5.021504198131792641e-04
1.839758147186225726e-02 1.068001903121153506e-01 1.374104938580020079e-02 5.096826761103769032e-04
1.867354519394019002e-02 4.831524739991416989e-02 7.740824266851804858e-03 5.173279162520326218e-04
1.895364837184928750e-02 2.179442381762854847e-02 5.958092474146276830e-03 5.250878349958128721e-04
1.923795309742702686e-02 1.741526010102425678e-02 4.141707692116520026e-03 5.329641525207500733e-04
1.952652239388842983e-02 2.887317031417730925e-02 5.573591349080394067e-03 5.409586148085612865e-04
1.981942022979675533e-02 3.371700091278687084e-02 6.750942229809526671e-03 5.490729940306897415e-04
2.011671153324370506e-02 6.639451322691636292e-02 8.113237647077994191e-03 5.573090889411499906e-04
2.041846220624235833e-02 6.688792409305623077e-02 8.162597174273556258e-03 5.656687252752672177e-04
2.072473913933599310e-02 8.029054122301651497e-02 8.841239144321982185e-03 5.741537561543961403e-04
2.103561022642602696e-02 1.203096564762618503e-01 1.168481136304965091e-02 5.827660624967119854e-04
2.135114437982241556e-02 9.862309813300934591e-02 9.737032804119088655e-03 5.915075534341625524e-04
2.167141154551974896e-02 1.319027139865331100e-01 1.206095456015973851e-02 6.003801667356749305e-04
2.199648271870254315e-02 1.226986883824309899e-01 1.129637225941430498e-02 6.093858692367100025e-04
2.232642995948307812e-02 1.205523054956502832e-01 1.089123584787159496e-02 6.185266572752605788e-04
2.266132640887532149e-02 1.195573778531006104e-01 8.841613145665446621e-03 6.278045571343894397e-04
2.300124630500845202e-02 1.072937855634330528e-01 8.334996287551401858e-03 6.372216254914052965e-04
2.334626499958357762e-02 1.062322350986827368e-01 8.004687340126501530e-03 6.467799498737763098e-04
2.369645897457732867e-02 9.761866868245611117e-02 7.760082641914499597e-03 6.564816491218828645e-04
2.405190585919598709e-02 6.816043856771088205e-02 5.743411276906210117e-03 6.663288738587110809e-04
2.441268444708392243e-02 6.098947420056241575e-02 5.494422796391860118e-03 6.763238069665915807e-04
2.477887471379017909e-02 4.159695570483413346e-02 4.357084312293461707e-03 6.864686640710904088e-04
2.515055783449703097e-02 3.966810794048839656e-02 4.063788013046202609e-03 6.967656940321567379e-04
2.552781620201448332e-02 2.780003613929443382e-02 3.399613447410273007e-03 7.072171794426390266e-04
2.591073344504469730e-02 1.802685811290475823e-02 2.570802563147557302e-03 7.178254371342784879e-04
2.629939444672036580e-02 1.289365506079630762e-02 2.015605021116235671e-03 7.285928186912926218e-04
2.669388536342116522e-02 8.182913712830490807e-03 1.554739589639547769e-03 7.395217109716618973e-04
2.709429364387248157e-02 8.881859009607390165e-03 1.574178756264972600e-03 7.506145366362367835e-04
2.750070804853056716e-02 7.517503478977535618e-03 1.367498954353152472e-03 7.618737546857802740e-04
2.791321866925852366e-02 9.226828617210173014e-03 1.492456803777449190e-03 7.733018610060669006e-04
2.833191694929739629e-02 1.211676747346011364e-02 1.762435607205546390e-03 7.849013889211578238e-04
2.875689570353685831e-02 1.031676444103755801e-02 1.677309981637072501e-03 7.966749097549751663e-04
2.918824913908990570e-02 1.270841934080518473e-02 1.784656386758931221e-03 8.086250334012996203e-04
2.962607287617625290e-02 1.990816112149893999e-02 2.470781495025723990e-03 8.207544089023191590e-04
3.007046396931889465e-02 2.243737009547549718e-02 2.534766845345567780e-03 8.330657250358538581e-04
3.052152092885867390e-02 2.273075581357454286e-02 2.609273059649772596e-03 8.455617109113914859e-04
3.097934374279154995e-02 2.228129093647948644e-02 2.647148421234266861e-03 8.582451365750623420e-04
3.144403389893342393e-02 1.878986779711558711e-02 2.281578797854786397e-03 8.711188136236882153e-04
3.191569440741742064e-02 1.437097550554604364e-02 1.893780421902867316e-03 8.841855958280434849e-04
3.239442982352867817e-02 1.496435069251365706e-02 1.921926707354313811e-03 8.974483797654639935e-04
3.288034627088160661e-02 1.808534195777138434e-02 2.425064756403963115e-03 9.109101054619459436e-04
3.337355146494482699e-02 1.484519332291848494e-02 2.063061160255768439e-03 9.245737570438750021e-04
3.387415473691899465e-02 1.587135368918370787e-02 2.235193940206030988e-03 9.384423633995329569e-04
3.438226705797277349e-02 1.634159027500754063e-02 2.207265024390394573e-03 9.525189988505257995e-04
3.489800106384236683e-02 9.284052337529217352e-03 1.661622401242037611e-03 9.668067838332837201e-04
3.542147107979999598e-02 7.309315828137449497e-03 1.258085736606804998e-03 9.813088855907827444e-04
3.595279314599699599e-02 8.042014942032747055e-03 1.377487576118446508e-03 9.960285188746445702e-04
3.649208504318694757e-02 5.193924873806571307e-03 1.027081995233390926e-03 1.010968946657764224e-03
3.703946631883474339e-02 5.345060893071190353e-03 1.093633636688422358e-03 1.026133480857630443e-03
3.759505831361725781e-02 4.652434449508488154e-03 1.092278947123829363e-03 1.041525483070494590e-03
3.815898418832151806e-02 3.345943597672020042e-03 8.147066661659890189e-04 1.057148365316552124e-03
3.873136895114633743e-02 3.749302793420581335e-03 8.932277856754542930e-04 1.073005590796300259e-03
3.931233948541353052e-02 4.679933546004892177e-03 9.657369246674097230e-04 1.089100674658244816e-03
3.990202457769472660e-02 6.844282488298358488e-03 1.291112007627582886e-03 1.105437184778118283e-03
4.050055494636014414e-02 6.459120290304922948e-03 1.394780521396234109e-03 1.122018742549789902e-03
4.110806327055554349e-02 8.880025482624599731e-03 1.476445636300410856e-03 1.138849023688036713e-03
4.172468421961386675e-02 7.723219062655492691e-03 1.342777280627165028e-03 1.155931759043356830e-03
4.235055448290807323e-02 7.043190101961117888e-03 1.288058189340588692e-03 1.173270735429007318e-03
4.298581280015168621e-02 1.145260704224853807e-02 1.952398144301840596e-03 1.190869796460442085e-03
4.363059999215396223e-02 7.598589092938430600e-03 1.375095990138463196e-03 1.208732843407348857e-03
4.428505899203626084e-02 6.167943827049529940e-03 1.201398246635003442e-03 1.226863836058458704e-03
4.494933487691681051e-02 4.100977086454391830e-03 9.908402861049760754e-04 1.245266793599335850e-03
4.562357490007055982e-02 5.121616622414101004e-03 1.137797780587514185e-03 1.263945795503325798e-03
4.630792852357160788e-02 3.625420261602510345e-03 9.209790989658392596e-04 1.282904982435875349e-03
4.700254745142518065e-02 2.389375184367235894e-03 6.908536399834902010e-04 1.302148557172413392e-03
4.770758566319655003e-02 1.649167417629908081e-03 5.263714761937800246e-04 1.321680785529999328e-03
4.842319944814449384e-02 3.240164241984246681e-03 9.494355618222567869e-04 1.341505997312949236e-03
4.914954743986665875e-02 1.548026572244480623e-03 4.985786842136999755e-04 1.361628587272643420e-03
4.988679065146466030e-02 2.113868234692430938e-03 6.153450271388856462e-04 1.382053016081733008e-03
5.063509251123662208e-02 2.970514750260336550e-03 8.968661324883000227e-04 1.402783811322958797e-03
5.139461889890516860e-02 3.626785060115511952e-03 9.453721480234492797e-04 1.423825568492803270e-03
5.216553818238874041e-02 5.770582811132322562e-03 1.391484552259100336e-03 1.445182952020195033e-03
5.294802125512455826e-02 2.879914273182483924e-03 8.998682599723527385e-04 1.466860696300497681e-03
5.374224157395142421e-02 2.494640665466556217e-03 7.179663412550202307e-04 1.488863606745004925e-03
5.454837519756069314e-02 1.818396112711594299e-03 6.918919326589161685e-04 1.511196560846180068e-03
5.536660082552409545e-02 3.510926594704382245e-03 1.248195378349100867e-03 1.533864509258872503e-03
5.619709983790695251e-02 1.014428467709338868e-03 4.825738403062386842e-04 1.556872476897755387e-03
5.704005633547555576e-02 1.024850433717593851e-03 5.634227104095207612e-04 1.580225564051221734e-03
5.789565718050768139e-02 1.773995563456025543e-03 1.180188929623864850e-03 1.603928947511990000e-03
5.876409203821528898e-02 1.367774020511311603e-03 8.545446280000644360e-04 1.627987881724669633e-03
5.964555341878850780e-02 8.700861742512799131e-04 5.361071343435905821e-04 1.652407699950539204e-03
