1.538750573636137910e-02 7.671530874717703563e-01 6.558298758547785601e-02 4.262921794567043699e-04
1.561831832240679827e-02 8.749940111923274477e-01 6.914314985350303311e-02 4.326865621485548622e-04
1.585259309724289939e-02 7.442744513001138262e-01 6.072470085653895039e-02 4.391768605807831738e-04
1.609038199370153854e-02 7.257449816162835354e-01 6.256241191854144956e-02 4.457645134894948173e-04
1.633173772360706211e-02 6.939470443538938715e-01 5.984005261510104423e-02 4.524509811918372179e-04
1.657671378946116644e-02 5.939484293418010319e-01 5.153331571507499542e-02 4.592377459097147260e-04
1.682536449630308434e-02 5.180274917467443396e-01 4.659679479867250007e-02 4.661263120983604770e-04
1.707774496374762918e-02 4.030944854373566533e-01 3.669763955621261481e-02 4.731182067798358408e-04
1.733391113820383772e-02 3.860237165160854689e-01 3.539762321435595271e-02 4.802149798815331938e-04
1.759391980527689331e-02 2.543188305655957882e-01 2.564390035165493159e-02 4.874182045797561722e-04
1.785782860235604619e-02 1.795947629353903674e-01 2.052917965716909154e-02 4.947294776484525416e-04
1.812569603139138619e-02 9.520394542060847676e-02 1.292182255926694646e-02 5.021504198131792641e-04
1.839758147186225726e-02 4.914194618673005388e-02 9.433065262947692292e-03 5.096826761103769032e-04
1.867354519394019002e-02 2.200864465807953960e-02 4.996919325131426830e-03 5.173279162520326218e-04
1.895364837184928750e-02 1.982785784469624085e-02 5.761141127960395757e-03 5.250878349958128721e-04
1.923795309742702686e-02 2.362677468826352573e-02 5.435067010663105838e-03 5.329641525207500733e-04
1.952652239388842983e-02 3.825317579249407074e-02 6.986701672937943759e-03 5.409586148085612865e-04
1.981942022979675533e-02 5.107272357032684867e-02 7.207361133134001022e-03 5.490729940306897415e-04
2.011671153324370506e-02 6.696917366719717934e-02 8.151370051315807302e-03 5.573090889411499906e-04
2.041846220624235833e-02 6.929203201293263059e-02 8.329490108665802209e-03 5.656687252752672177e-04
2.072473913933599310e-02 7.681696554315066428e-02 8.313720943595549057e-03 5.741537561543961403e-04
2.103561022642602696e-02 1.086633414674369330e-01 1.088079339369175079e-02 5.827660624967119854e-04
2.135114437982241556e-02 9.739081078271177860e-02 9.645681866135097371e-03 5.915075534341625524e-04
2.167141154551974896e-02 1.143059192301564414e-01 1.094104642231912700e-02 6.003801667356749305e-04
2.199648271870254315e-02 1.174865806319579653e-01 1.093651203182009410e-02 6.093858692367100025e-04
2.232642995948307812e-02 9.813378778749559661e-02 9.211307688699127416e-03 6.185266572752605788e-04
2.266132640887532149e-02 9.110579891900794092e-02 7.361369276728511185e-03 6.278045571343894397e-04
2.300124630500845202e-02 8.978661076810261210e-02 7.574292474725953690e-03 6.372216254914052965e-04
2.334626499958357762e-02 6.352476358008400659e-02 5.915812092590721875e-03 6.467799498737763098e-04
2.369645897457732867e-02 6.057107292587315950e-02 5.706022167178595450e-03 6.564816491218828645e-04
2.405190585919598709e-02 5.134840472026291208e-02 4.795729363604363076e-03 6.663288738587110809e-04
2.441268444708392243e-02 3.985006804625557120e-02 4.268627180982316471e-03 6.763238069665915807e-04
2.477887471379017909e-02 3.527424433670171833e-02 4.034301213372971755e-03 6.864686640710904088e-04
2.515055783449703097e-02 2.154290051349715823e-02 3.036234941304060807e-03 6.967656940321567379e-04
2.552781620201448332e-02 2.173864271296957473e-02 2.969196371369504060e-03 7.072171794426390266e-04
2.591073344504469730e-02 1.774881071938299790e-02 2.434470883825176016e-03 7.178254371342784879e-04
2.629939444672036580e-02 1.170006608381704213e-02 2.044113616305015015e-03 7.285928186912926218e-04
2.669388536342116522e-02 1.306398226339376169e-02 2.006899361479891081e-03 7.395217109716618973e-04
2.709429364387248157e-02 1.337800858110877768e-02 2.082262032325930216e-03 7.506145366362367835e-04
2.750070804853056716e-02 1.045598995506060412e-02 1.637518167040403127e-03 7.618737546857802740e-04
2.791321866925852366e-02 8.778402358184413806e-03 1.450379584895288140e-03 7.733018610060669006e-04
2.833191694929739629e-02 1.113766228629460044e-02 1.865595478516401257e-03 7.849013889211578238e-04
2.875689570353685831e-02 9.450957321830696922e-03 1.603766417181868437e-03 7.966749097549751663e-04
2.918824913908990570e-02 1.077849415004007196e-02 1.622585859235543349e-03 8.086250334012996203e-04
2.962607287617625290e-02 1.118079849269908860e-02 1.705816010102119201e-03 8.207544089023191590e-04
3.007046396931889465e-02 1.590191376222664654e-02 2.047243646398910766e-03 8.330657250358538581e-04
3.052152092885867390e-02 1.500486422249953759e-02 1.973474086842591946e-03 8.455617109113914859e-04
3.097934374279154995e-02 1.550088042492229860e-02 2.063291698343059678e-03 8.582451365750623420e-04
3.144403389893342393e-02 1.916534626530977739e-02 2.308030666610694139e-03 8.711188136236882153e-04
3.191569440741742064e-02 1.448917724602708998e-02 1.958363913986390335e-03 8.841855958280434849e-04
3.239442982352867817e-02 1.585327296922647497e-02 1.991302316969338279e-03 8.974483797654639935e-04
3.288034627088160661e-02 1.828633541486292952e-02 2.440024069049509872e-03 9.109101054619459436e-04
3.337355146494482699e-02 1.803282137253085435e-02 2.332106822094651491e-03 9.245737570438750021e-04
3.387415473691899465e-02 1.746682416736954763e-02 2.373245467982917998e-03 9.384423633995329569e-04
3.438226705797277349e-02 1.563520917814884004e-02 2.214445831146800471e-03 9.525189988505257995e-04
3.489800106384236683e-02 1.515880714621851283e-02 2.024394959808698338e-03 9.668067838332837201e-04
3.542147107979999598e-02 9.427930413521131564e-03 1.463707726108976403e-03 9.813088855907827444e-04
3.595279314599699599e-02 7.610441704580099033e-03 1.422933923831905863e-03 9.960285188746445702e-04
3.649208504318694757e-02 4.491541168028700265e-03 9.446342167669069100e-04 1.010968946657764224e-03
3.703946631883474339e-02 2.000007170648984787e-03 1.073473898806331581e-03 1.026133480857630443e-03
3.759505831361725781e-02 4.492493439065149870e-03 9.648829502239445821e-04 1.041525483070494590e-03
3.815898418832151806e-02 3.514330796646937625e-03 8.365009259799217585e-04 1.057148365316552124e-03
3.873136895114633743e-02 4.115198876852464369e-03 9.403212894964131001e-04 1.073005590796300259e-03
3.931233948541353052e-02 3.354656666429854141e-03 8.995763278617994714e-04 1.089100674658244816e-03
3.990202457769472660e-02 6.829289982352897484e-03 1.288283806938364312e-03 1.105437184778118283e-03
4.050055494636014414e-02 7.382421886336741970e-03 1.340273368260450244e-03 1.122018742549789902e-03
4.110806327055554349e-02 9.362115555111226797e-03 1.527878201479705841e-03 1.138849023688036713e-03
4.172468421961386675e-02 5.574771104462987806e-03 1.091905380167122394e-03 1.155931759043356830e-03
4.235055448290807323e-02 8.741850150668990099e-03 1.479999929445021019e-03 1.173270735429007318e-03
4.298581280015168621e-02 8.594513596804386965e-03 1.553083650905791096e-03 1.190869796460442085e-03
4.363059999215396223e-02 7.087469640691651529e-03 1.311963943745382815e-03 1.208732843407348857e-03
4.428505899203626084e-02 6.316391610578330276e-03 1.219323292181223465e-03 1.226863836058458704e-03
4.494933487691681051e-02 4.725592878270810926e-03 1.063138275965514693e-03 1.245266793599335850e-03
4.562357490007055982e-02 2.271287841117652830e-03 7.024472297294528326e-04 1.263945795503325798e-03
4.630792852357160788e-02 2.062597517396736347e-03 8.318964829184145046e-04 1.282904982435875349e-03
4.700254745142518065e-02 9.933921755482365973e-04 6.165694024242153416e-04 1.302148557172413392e-03
4.770758566319655003e-02 1.944746689439217323e-03 5.765315385658056945e-04 1.321680785529999328e-03
4.842319944814449384e-02 4.310755483240845225e-03 1.133937903703053371e-03 1.341505997312949236e-03
4.914954743986665875e-02 1.965899849778149442e-03 5.706224193107671105e-04 1.361628587272643420e-03
4.988679065146466030e-02 1.506598409890775453e-03 5.071445750783057848e-04 1.382053016081733008e-03
5.063509251123662208e-02 3.599152318931471937e-03 1.008741243075742975e-03 1.402783811322958797e-03
5.139461889890516860e-02 2.683973394358837774e-03 9.162707828214240648e-04 1.423825568492803270e-03
5.216553818238874041e-02 3.495893515501441798e-03 9.965131361768611064e-04 1.445182952020195033e-03
5.294802125512455826e-02 3.010444147040392589e-03 1.197301907961268244e-03 1.466860696300497681e-03
5.374224157395142421e-02 1.685379662390566746e-03 6.971446033960561209e-04 1.488863606745004925e-03
5.454837519756069314e-02 1.814412888089050923e-03 6.903763327502710542e-04 1.511196560846180068e-03
5.536660082552409545e-02 1.548799010046328578e-03 6.547655208589306082e-04 1.533864509258872503e-03
5.619709983790695251e-02 1.214647615878297485e-03 5.335701582048187411e-04 1.556872476897755387e-03
5.704005633547555576e-02 1.278256853871050005e-03 6.419815979624784877e-04 1.580225564051221734e-03
5.789565718050768139e-02 1.327582199189093716e-03 9.627668599014362885e-04 1.603928947511990000e-03
5.876409203821528898e-02 4.549259635016812838e-04 4.677127069742766574e-04 1.627987881724669633e-03
6.054023672007033396e-02 1.184957398242729313e-03 7.700219913985361471e-04 1.677193815449797313e-03
