1.538750573636137910e-02 7.170290023586005645e-01 1.174668175118283447e-01 4.262921794567043699e-04
1.561831832240679827e-02 8.286482227009288604e-01 1.292619286326790184e-01 4.326865621485548622e-04
1.585259309724289939e-02 7.773559123415856309e-01 1.119240394441862463e-01 4.391768605807831738e-04
1.609038199370153854e-02 4.783433412994792522e-01 8.394489771930890853e-02 4.457645134894948173e-04
1.633173772360706211e-02 7.076150663062863444e-01 1.059204593548321027e-01 4.524509811918372179e-04
1.657671378946116644e-02 6.075129602246163163e-01 8.816243090053585418e-02 4.592377459097147260e-04
1.682536449630308434e-02 5.028769091079423603e-01 8.061124788259271812e-02 4.661263120983604770e-04
1.707774496374762918e-02 3.080371012722808444e-01 5.482997001462072001e-02 4.731182067798358408e-04
1.733391113820383772e-02 2.692346624157395119e-01 5.432895339329443102e-02 4.802149798815331938e-04
1.759391980527689331e-02 1.939326738669600314e-01 3.920991099408214359e-02 4.874182045797561722e-04
1.785782860235604619e-02 1.627737585919100116e-01 3.542087226920400539e-02 4.947294776484525416e-04
1.812569603139138619e-02 1.000145464554693525e-01 2.505161122569097773e-02 5.021504198131792641e-04
1.839758147186225726e-02 4.954368018165358767e-02 1.680778328520061982e-02 5.096826761103769032e-04
1.895364837184928750e-02 1.913016721539144427e-02 9.639569892519926630e-03 5.250878349958128721e-04
1.923795309742702686e-02 3.647265612550360664e-02 1.309602313603416487e-02 5.329641525207500733e-04
1.952652239388842983e-02 4.787119388937256803e-02 1.543279725320741667e-02 5.409586148085612865e-04
1.981942022979675533e-02 4.849345506575297726e-02 1.433431198012285503e-02 5.490729940306897415e-04
2.011671153324370506e-02 4.247686958087856096e-02 1.575473328719205826e-02 5.573090889411499906e-04
2.041846220624235833e-02 5.721539099770329984e-02 1.397287385585277777e-02 5.656687252752672177e-04
2.072473913933599310e-02 9.573055333565291813e-02 1.776582159866950394e-02 5.741537561543961403e-04
2.103561022642602696e-02 1.035008769816704172e-01 2.090513370408485228e-02 5.827660624967119854e-04
2.135114437982241556e-02 1.139822742940209688e-01 1.853409707128158071e-02 5.915075534341625524e-04
2.167141154551974896e-02 1.384128562443567023e-01 2.150596673457749394e-02 6.003801667356749305e-04
2.199648271870254315e-02 9.856742098209150815e-02 1.684745992988657612e-02 6.093858692367100025e-04
2.232642995948307812e-02 9.301902123772062825e-02 1.666315755486527661e-02 6.185266572752605788e-04
2.266132640887532149e-02 9.979083368835701962e-02 1.495282817537053541e-02 6.278045571343894397e-04
2.300124630500845202e-02 8.111836661889849920e-02 1.365840909346653469e-02 6.372216254914052965e-04
2.334626499958357762e-02 6.725572655667397259e-02 1.161678029039817095e-02 6.467799498737763098e-04
2.369645897457732867e-02 5.712352452675760472e-02 1.111076419361049783e-02 6.564816491218828645e-04
2.405190585919598709e-02 5.396168944544014329e-02 1.083065468737364444e-02 6.663288738587110809e-04
2.441268444708392243e-02 3.812700368407775237e-02 8.188845808849255087e-03 6.763238069665915807e-04
2.477887471379017909e-02 4.445806599728188008e-02 9.020567557526993491e-03 6.864686640710904088e-04
2.515055783449703097e-02 2.774629903821331997e-02 6.695888237581733467e-03 6.967656940321567379e-04
2.552781620201448332e-02 1.705489864355873297e-02 6.680842749174601899e-03 7.072171794426390266e-04
2.591073344504469730e-02 9.513486854807833709e-03 6.462413750304584273e-03 7.178254371342784879e-04
2.629939444672036580e-02 2.230690097325688931e-02 5.695842615098212387e-03 7.285928186912926218e-04
2.669388536342116522e-02 2.306410885709930803e-02 5.723875485486102505e-03 7.395217109716618973e-04
2.709429364387248157e-02 8.835576906597156222e-03 3.372576374597632820e-03 7.506145366362367835e-04
2.750070804853056716e-02 1.019772387058381566e-02 3.441619855197437967e-03 7.618737546857802740e-04
2.791321866925852366e-02 7.471074707762337744e-03 2.852395241944851931e-03 7.733018610060669006e-04
2.833191694929739629e-02 5.478922146780913598e-03 2.468405700516105965e-03 7.849013889211578238e-04
2.875689570353685831e-02 6.129781292707420746e-03 3.759404655731270542e-03 7.966749097549751663e-04
2.918824913908990570e-02 1.685626343546809541e-02 4.315802810412744384e-03 8.086250334012996203e-04
2.962607287617625290e-02 1.337634542210208548e-02 3.936599366364653720e-03 8.207544089023191590e-04
3.007046396931889465e-02 1.129929431459658976e-02 4.436837800670707585e-03 8.330657250358538581e-04
3.052152092885867390e-02 1.350505442794791740e-02 3.827731277496437302e-03 8.455617109113914859e-04
3.097934374279154995e-02 1.958952635443918927e-02 4.765886459112490640e-03 8.582451365750623420e-04
3.144403389893342393e-02 2.284572457526313355e-02 5.061640902287448812e-03 8.711188136236882153e-04
3.191569440741742064e-02 1.790742012253545429e-02 4.152160903427833637e-03 8.841855958280434849e-04
3.239442982352867817e-02 1.745932705135638113e-02 4.160345944899084512e-03 8.974483797654639935e-04
3.288034627088160661e-02 1.659179389622955289e-02 5.572230667661699430e-03 9.109101054619459436e-04
3.337355146494482699e-02 1.819226313565927219e-02 4.589497260156485438e-03 9.245737570438750021e-04
3.387415473691899465e-02 1.393116205086908713e-02 4.143463295474815629e-03 9.384423633995329569e-04
3.438226705797277349e-02 1.372296593928444379e-02 3.933971888650173061e-03 9.525189988505257995e-04
3.489800106384236683e-02 1.259410153955102703e-02 3.605017153000183994e-03 9.668067838332837201e-04
3.542147107979999598e-02 1.152755662310087081e-02 3.304177077059687346e-03 9.813088855907827444e-04
3.595279314599699599e-02 4.761969730304156136e-03 2.158856179932113276e-03 9.960285188746445702e-04
3.649208504318694757e-02 3.444573380412504701e-03 1.742050074840728428e-03 1.010968946657764224e-03
3.703946631883474339e-02 3.798006101143183277e-03 1.922216967899682740e-03 1.026133480857630443e-03
3.759505831361725781e-02 6.270452696303690197e-03 2.420314953871103864e-03 1.041525483070494590e-03
3.815898418832151806e-02 8.759232531218741780e-04 8.788335859771311638e-04 1.057148365316552124e-03
3.873136895114633743e-02 3.729765710258829085e-03 1.889918772113836172e-03 1.073005590796300259e-03
3.931233948541353052e-02 3.210722123077325730e-03 1.631161997188391001e-03 1.089100674658244816e-03
3.990202457769472660e-02 4.600417504393037628e-03 2.100927539380856648e-03 1.105437184778118283e-03
4.050055494636014414e-02 7.885795173417897361e-03 2.734696987043832520e-03 1.122018742549789902e-03
4.110806327055554349e-02 1.000047501946695928e-02 3.035103244849404139e-03 1.138849023688036713e-03
4.172468421961386675e-02 6.538701674452886831e-03 2.393124909699927312e-03 1.155931759043356830e-03
4.235055448290807323e-02 6.835599064295781735e-03 2.502751976059984246e-03 1.173270735429007318e-03
4.298581280015168621e-02 8.568498236871448584e-03 2.987245575755232904e-03 1.190869796460442085e-03
4.363059999215396223e-02 3.286519098607310584e-03 1.679054352847334820e-03 1.208732843407348857e-03
4.428505899203626084e-02 3.229370289338506349e-03 1.651796377209072651e-03 1.226863836058458704e-03
4.494933487691681051e-02 1.579202894946093831e-03 1.127096407155711881e-03 1.245266793599335850e-03
4.562357490007055982e-02 1.887010595270951835e-03 1.350651800567709152e-03 1.263945795503325798e-03
4.630792852357160788e-02 3.796346013347363935e-03 1.942830160206156708e-03 1.282904982435875349e-03
4.700254745142518065e-02 8.489016037133115429e-04 8.540519178750586053e-04 1.302148557172413392e-03
4.770758566319655003e-02 2.237146146773846735e-03 1.312685090314523505e-03 1.321680785529999328e-03
4.842319944814449384e-02 4.297706943120890508e-03 2.229820550898427116e-03 1.341505997312949236e-03
4.914954743986665875e-02 2.099945490177904540e-03 1.235502936519145088e-03 1.361628587272643420e-03
4.988679065146466030e-02 2.253056965950179461e-03 1.326519537479744050e-03 1.382053016081733008e-03
5.063509251123662208e-02 4.221479743906936255e-03 2.192443320595820373e-03 1.402783811322958797e-03
5.139461889890516860e-02 2.705914799566663548e-03 1.603763155186789221e-03 1.423825568492803270e-03
5.216553818238874041e-02 4.100366518226799400e-03 2.140184684568620811e-03 1.445182952020195033e-03
5.294802125512455826e-02 3.069543696264133686e-03 1.840544670307702304e-03 1.466860696300497681e-03
5.374224157395142421e-02 7.755129525183144515e-04 7.833567084563698756e-04 1.488863606745004925e-03
5.454837519756069314e-02 1.004955949671096187e-03 1.021732283917611232e-03 1.511196560846180068e-03
5.536660082552409545e-02 2.205872624831030013e-03 1.614762468828162979e-03 1.533864509258872503e-03
5.619709983790695251e-02 1.009142425362995026e-03 1.022326561959718827e-03 1.556872476897755387e-03
5.704005633547555576e-02 2.548775209974741673e-03 1.894062515564191992e-03 1.580225564051221734e-03
5.789565718050768139e-02 2.205939406367970167e-03 2.409009406457255590e-03 1.603928947511990000e-03
5.876409203821528898e-02 2.267744574643856294e-03 2.331484766375590146e-03 1.627987881724669633e-03
