1.538750573636137910e-02 8.332995418914098673e-01 6.867965077955576203e-02 4.262921794567043699e-04
1.561831832240679827e-02 6.872318665338423838e-01 5.938777183985951419e-02 4.326865621485548622e-04
1.585259309724289939e-02 7.127861498036721644e-01 5.858866868595898753e-02 4.391768605807831738e-04
1.609038199370153854e-02 6.940384643485577598e-01 6.056075736062849907e-02 4.457645134894948173e-04
1.633173772360706211e-02 6.733575878655462255e-01 5.757126333387627137e-02 4.524509811918372179e-04
1.657671378946116644e-02 5.496624826717775303e-01 4.839908737631995472e-02 4.592377459097147260e-04
1.682536449630308434e-02 4.948071530323888134e-01 4.457351346777013723e-02 4.661263120983604770e-04
1.707774496374762918e-02 4.232010601328776711e-01 3.805708731067572459e-02 4.731182067798358408e-04
1.733391113820383772e-02 2.964073418352204947e-01 2.947568783055350139e-02 4.802149798815331938e-04
1.759391980527689331e-02 1.982171629904891930e-01 2.256083337704929345e-02 4.874182045797561722e-04
1.785782860235604619e-02 1.523511663599188826e-01 1.751758577817299697e-02 4.947294776484525416e-04
1.812569603139138619e-02 8.009298533362460559e-02 1.179619921594956752e-02 5.021504198131792641e-04
1.839758147186225726e-02 4.319324283958408950e-02 7.433970769796504133e-03 5.096826761103769032e-04
1.867354519394019002e-02 2.820379130294715583e-02 6.352163128127918945e-03 5.173279162520326218e-04
1.895364837184928750e-02 1.539516002040936665e-02 3.967318586634601199e-03 5.250878349958128721e-04
1.923795309742702686e-02 2.262524652237042633e-02 5.857298354727269625e-03 5.329641525207500733e-04
1.952652239388842983e-02 4.237721239949123614e-02 6.918946353866801784e-03 5.409586148085612865e-04
1.981942022979675533e-02 7.317282818356059260e-02 9.007343376084237657e-03 5.490729940306897415e-04
2.011671153324370506e-02 6.571919679148341409e-02 8.062771415857077767e-03 5.573090889411499906e-04
2.041846220624235833e-02 7.087877611916078291e-02 8.286045000747701075e-03 5.656687252752672177e-04
2.072473913933599310e-02 7.976358793413719506e-02 8.806284890572573312e-03 5.741537561543961403e-04
2.103561022642602696e-02 1.145809808433013721e-01 1.141799852514390444e-02 5.827660624967119854e-04
2.135114437982241556e-02 9.062404090985355654e-02 9.088822127563098846e-03 5.915075534341625524e-04
2.167141154551974896e-02 1.051696759448133844e-01 1.032037450778174915e-02 6.003801667356749305e-04
2.199648271870254315e-02 1.040287384068622201e-01 9.943459795970175166e-03 6.093858692367100025e-04
2.232642995948307812e-02 9.923881033918621752e-02 9.368721191344072524e-03 6.185266572752605788e-04
2.266132640887532149e-02 8.303904489227358077e-02 7.101013182508910532e-03 6.278045571343894397e-04
2.300124630500845202e-02 8.711248010662811514e-02 7.356600550048163732e-03 6.372216254914052965e-04
2.334626499958357762e-02 6.057695534882807931e-02 5.929680747825797488e-03 6.467799498737763098e-04
2.369645897457732867e-02 6.560391707021230590e-02 6.098934126615228150e-03 6.564816491218828645e-04
2.405190585919598709e-02 5.183850392684136166e-02 4.829396139046714803e-03 6.663288738587110809e-04
2.441268444708392243e-02 4.029925768225453564e-02 4.302246283062209110e-03 6.763238069665915807e-04
2.477887471379017909e-02 3.331252483533853059e-02 3.908490628608189514e-03 6.864686640710904088e-04
2.515055783449703097e-02 2.822145493647119571e-02 3.299790601156458308e-03 6.967656940321567379e-04
2.552781620201448332e-02 2.217126773426621872e-02 2.887848001745130233e-03 7.072171794426390266e-04
2.591073344504469730e-02 1.780033275120963474e-02 2.441537773451785392e-03 7.178254371342784879e-04
2.629939444672036580e-02 1.514671543829534256e-02 2.206279131426224730e-03 7.285928186912926218e-04
2.669388536342116522e-02 1.173712320069856402e-02 1.893348582543395026e-03 7.395217109716618973e-04
2.709429364387248157e-02 7.872343126514731379e-03 1.474861580557834499e-03 7.506145366362367835e-04
2.750070804853056716e-02 7.940744534429413498e-03 1.530535925959079996e-03 7.618737546857802740e-04
2.791321866925852366e-02 1.070065659760502733e-02 1.716699387348360334e-03 7.733018610060669006e-04
2.833191694929739629e-02 7.899830706069518871e-03 1.503575279567624092e-03 7.849013889211578238e-04
2.875689570353685831e-02 9.936455531101645589e-03 1.550667219980450453e-03 7.966749097549751663e-04
2.918824913908990570e-02 7.807065094839782046e-03 1.465998755710145327e-03 8.086250334012996203e-04
2.962607287617625290e-02 1.412870080669234585e-02 1.955157590946276190e-03 8.207544089023191590e-04
3.007046396931889465e-02 1.402451291783121494e-02 1.979159058223498371e-03 8.330657250358538581e-04
3.052152092885867390e-02 1.417756330815734232e-02 1.987001708954121062e-03 8.455617109113914859e-04
3.097934374279154995e-02 1.507147236620730475e-02 2.110500239036321515e-03 8.582451365750623420e-04
3.144403389893342393e-02 1.754959068960932136e-02 2.187578005276316195e-03 8.711188136236882153e-04
3.191569440741742064e-02 1.513170141153758093e-02 1.894040244043777204e-03 8.841855958280434849e-04
3.239442982352867817e-02 1.494410249401623147e-02 1.980909697447900530e-03 8.974483797654639935e-04
3.288034627088160661e-02 2.312536235382615935e-02 2.909448691271580151e-03 9.109101054619459436e-04
3.337355146494482699e-02 1.550157243688104688e-02 2.120332797101771687e-03 9.245737570438750021e-04
3.387415473691899465e-02 1.728396060102696877e-02 2.359831857812813138e-03 9.384423633995329569e-04
3.438226705797277349e-02 1.529123558860076559e-02 2.115827831074870626e-03 9.525189988505257995e-04
3.489800106384236683e-02 1.033011503162343213e-02 1.596391899987855247e-03 9.668067838332837201e-04
3.542147107979999598e-02 7.849681546456242082e-03 1.312625892400904248e-03 9.813088855907827444e-04
3.595279314599699599e-02 5.716416401429227738e-03 1.236093911500540585e-03 9.960285188746445702e-04
3.649208504318694757e-02 5.544097738029922333e-03 1.066723325794898978e-03 1.010968946657764224e-03
3.703946631883474339e-02 3.788757661874937472e-03 1.030736587532656403e-03 1.026133480857630443e-03
3.759505831361725781e-02 3.063763424286531419e-03 7.808243989138519874e-04 1.041525483070494590e-03
3.815898418832151806e-02 2.643399263499235721e-03 7.157849026994583851e-04 1.057148365316552124e-03
3.873136895114633743e-02 2.751429771963316735e-03 1.024813081941605263e-03 1.073005590796300259e-03
3.931233948541353052e-02 4.683237439098824825e-03 9.664187060484055345e-04 1.089100674658244816e-03
3.990202457769472660e-02 5.923558354165606339e-03 1.181870644870645828e-03 1.105437184778118283e-03
4.050055494636014414e-02 5.993594400673102861e-03 1.176980515377676730e-03 1.122018742549789902e-03
4.110806327055554349e-02 6.538971435558389896e-03 1.213106244256756568e-03 1.138849023688036713e-03
4.172468421961386675e-02 1.003082886982478543e-02 1.596918527138154863e-03 1.155931759043356830e-03
4.235055448290807323e-02 9.770013710450459882e-03 1.657286406966119443e-03 1.173270735429007318e-03
4.298581280015168621e-02 9.577180145048795265e-03 1.670733035229239214e-03 1.190869796460442085e-03
4.363059999215396223e-02 4.628493416243911751e-03 1.000486204022359854e-03 1.208732843407348857e-03
4.428505899203626084e-02 5.847440410318209721e-03 1.160707715826044895e-03 1.226863836058458704e-03
4.494933487691681051e-02 6.195523273185899772e-03 1.159509378061049454e-03 1.245266793599335850e-03
4.562357490007055982e-02 4.365938651948325817e-03 1.031272278471486283e-03 1.263945795503325798e-03
4.630792852357160788e-02 1.718516699934165542e-03 6.027381664406454608e-04 1.282904982435875349e-03
4.700254745142518065e-02 1.366321149585534266e-03 5.060387166706520725e-04 1.302148557172413392e-03
4.770758566319655003e-02 1.800361833268003314e-03 5.528498432415678314e-04 1.321680785529999328e-03
4.842319944814449384e-02 2.593961360813566187e-03 8.305857138982456443e-04 1.341505997312949236e-03
4.914954743986665875e-02 1.689948472035052466e-03 5.240358996969725824e-04 1.361628587272643420e-03
4.988679065146466030e-02 2.266457745465613651e-03 6.409578969329941811e-04 1.382053016081733008e-03
5.063509251123662208e-02 5.308235437174715389e-03 1.297305005522267438e-03 1.402783811322958797e-03
5.139461889890516860e-02 2.540541823316660400e-03 7.595084384906561044e-04 1.423825568492803270e-03
5.216553818238874041e-02 3.299803811418941177e-03 9.616615148906831976e-04 1.445182952020195033e-03
5.294802125512455826e-02 2.881947406513278055e-03 9.005035400463848707e-04 1.466860696300497681e-03
5.374224157395142421e-02 1.560251129471802983e-03 5.412314406612339385e-04 1.488863606745004925e-03
5.454837519756069314e-02 2.796915318811877150e-03 1.053250487887033874e-03 1.511196560846180068e-03
5.536660082552409545e-02 8.875971041327683324e-04 4.745667903926276457e-04 1.533864509258872503e-03
5.619709983790695251e-02 8.121156990905803192e-04 4.268825538863290107e-04 1.556872476897755387e-03
5.704005633547555576e-02 1.794754408068532925e-03 7.927335029633805806e-04 1.580225564051221734e-03
5.789565718050768139e-02 2.219059939073488030e-03 1.390389982650300877e-03 1.603928947511990000e-03
5.876409203821528898e-02 4.562465426853164934e-04 4.690704040817305124e-04 1.627987881724669633e-03
5.964555341878850780e-02 2.902334763545520334e-04 2.968781333323472645e-04 1.652407699950539204e-03
6.054023672007033396e-02 1.584529526566608561e-03 9.224996043405794431e-04 1.677193815449797313e-03
