1.538750573636137910e-02 8.207634177716657264e-01 6.793129817998777575e-02 4.262921794567043699e-04
1.561831832240679827e-02 7.492153289602041522e-01 6.333917435096378390e-02 4.326865621485548622e-04
1.585259309724289939e-02 7.460564167121045420e-01 5.945478828584652153e-02 4.391768605807831738e-04
1.609038199370153854e-02 6.793939081378234102e-01 5.957524384345916357e-02 4.457645134894948173e-04
1.633173772360706211e-02 6.760882532696050884e-01 5.804866201827918459e-02 4.524509811918372179e-04
1.657671378946116644e-02 5.588505667800710563e-01 4.896676772172796344e-02 4.592377459097147260e-04
1.682536449630308434e-02 4.696004900157269013e-01 4.351385948919705982e-02 4.661263120983604770e-04
1.707774496374762918e-02 3.766724622720037385e-01 3.580419119228905184e-02 4.731182067798358408e-04
1.733391113820383772e-02 3.168147807998413779e-01 3.111929449704029654e-02 4.802149798815331938e-04
1.759391980527689331e-02 2.441115811844938310e-01 2.525535920579317223e-02 4.874182045797561722e-04
1.785782860235604619e-02 1.479598995451400778e-01 1.908429283309552235e-02 4.947294776484525416e-04
1.812569603139138619e-02 9.662804551850695534e-02 1.265829241432522671e-02 5.021504198131792641e-04
1.839758147186225726e-02 4.474654236006724017e-02 9.084863846161738213e-03 5.096826761103769032e-04
1.867354519394019002e-02 2.831065295471972207e-02 5.730144157669620798e-03 5.173279162520326218e-04
1.895364837184928750e-02 1.695790096872136846e-02 5.481322819511874438e-03 5.250878349958128721e-04
1.923795309742702686e-02 3.004353875254035106e-02 6.064659982478408547e-03 5.329641525207500733e-04
1.952652239388842983e-02 4.227519701722620010e-02 6.902290256941240147e-03 5.409586148085612865e-04
1.981942022979675533e-02 6.488593599379952059e-02 8.345279645043944192e-03 5.490729940306897415e-04
2.011671153324370506e-02 6.448031419729741143e-02 8.604064000268014586e-03 5.573090889411499906e-04
2.041846220624235833e-02 7.379166167927411757e-02 8.654966399509592123e-03 5.656687252752672177e-04
2.072473913933599310e-02 9.296288498125235278e-02 9.722861444893865848e-03 5.741537561543961403e-04
2.103561022642602696e-02 1.137779103364406352e-01 1.123324415521322756e-02 5.827660624967119854e-04
2.135114437982241556e-02 8.684726065779216353e-02 8.817006279244851696e-03 5.915075534341625524e-04
2.167141154551974896e-02 1.091761275875296616e-01 1.078784023019749468e-02 6.003801667356749305e-04
2.199648271870254315e-02 1.046025998270294910e-01 1.014322794174745031e-02 6.093858692367100025e-04
2.232642995948307812e-02 9.089248033407923422e-02 8.861873722562496961e-03 6.185266572752605788e-04
2.266132640887532149e-02 9.319403653975276425e-02 7.473172053043865455e-03 6.278045571343894397e-04
2.300124630500845202e-02 8.468914419727933962e-02 7.307356941500263263e-03 6.372216254914052965e-04
2.334626499958357762e-02 5.811887124867601978e-02 5.360797264647595983e-03 6.467799498737763098e-04
2.369645897457732867e-02 5.725670869290732518e-02 5.615786309917817319e-03 6.564816491218828645e-04
2.405190585919598709e-02 4.434224008079468149e-02 4.732076115773376987e-03 6.663288738587110809e-04
2.441268444708392243e-02 3.449075329445704802e-02 4.018512712770254403e-03 6.763238069665915807e-04
2.477887471379017909e-02 4.038214407336423312e-02 4.459767186231007943e-03 6.864686640710904088e-04
2.515055783449703097e-02 2.908165487067936386e-02 3.356471201117050725e-03 6.967656940321567379e-04
2.552781620201448332e-02 2.238120273279717645e-02 3.016479998429719405e-03 7.072171794426390266e-04
2.591073344504469730e-02 1.632542673175611456e-02 2.321908065788337583e-03 7.178254371342784879e-04
2.629939444672036580e-02 1.259187707773586247e-02 1.987790581187214370e-03 7.285928186912926218e-04
2.669388536342116522e-02 1.170886822491762867e-02 1.888790692383270726e-03 7.395217109716618973e-04
2.709429364387248157e-02 9.373403237113846556e-03 1.619943819904715509e-03 7.506145366362367835e-04
2.750070804853056716e-02 6.670845175082739872e-03 1.749419437509729287e-03 7.618737546857802740e-04
2.791321866925852366e-02 7.675929083524444044e-03 1.459602889501277704e-03 7.733018610060669006e-04
2.833191694929739629e-02 8.320672657116678222e-03 1.538768043114594614e-03 7.849013889211578238e-04
2.875689570353685831e-02 8.014390269352834884e-03 1.374027742104814336e-03 7.966749097549751663e-04
2.918824913908990570e-02 1.162954495393310646e-02 1.694725389760713295e-03 8.086250334012996203e-04
2.962607287617625290e-02 1.364723811555340269e-02 1.914022061527742352e-03 8.207544089023191590e-04
3.007046396931889465e-02 9.420206725424720706e-03 1.508375472696454845e-03 8.330657250358538581e-04
3.052152092885867390e-02 1.351792530758863173e-02 1.933851533410335536e-03 8.455617109113914859e-04
3.097934374279154995e-02 1.681902672267527460e-02 2.168301613500359538e-03 8.582451365750623420e-04
3.144403389893342393e-02 1.663892345756912833e-02 2.184443643199001760e-03 8.711188136236882153e-04
3.191569440741742064e-02 1.701213487798899568e-02 2.142274803377897628e-03 8.841855958280434849e-04
3.239442982352867817e-02 1.567658747281783227e-02 1.977627350495587012e-03 8.974483797654639935e-04
3.288034627088160661e-02 2.262835903319499603e-02 2.797611229148976898e-03 9.109101054619459436e-04
3.337355146494482699e-02 1.671714628801984279e-02 2.292194455010836303e-03 9.245737570438750021e-04
3.387415473691899465e-02 1.370844702298729643e-02 2.128437942652075272e-03 9.384423633995329569e-04
3.438226705797277349e-02 1.334762164555670927e-02 1.940232522751832991e-03 9.525189988505257995e-04
3.489800106384236683e-02 8.490486662467121304e-03 1.590947752462508859e-03 9.668067838332837201e-04
3.542147107979999598e-02 7.801122810993128300e-03 1.387196682893693462e-03 9.813088855907827444e-04
3.595279314599699599e-02 7.837168564878335339e-03 1.355620442014634185e-03 9.960285188746445702e-04
3.649208504318694757e-02 5.703587316796031662e-03 1.083283643093975197e-03 1.010968946657764224e-03
3.703946631883474339e-02 3.017357206068510371e-03 9.381788300549593522e-04 1.026133480857630443e-03
3.759505831361725781e-02 3.026423386637317522e-03 9.066564777637556825e-04 1.041525483070494590e-03
3.815898418832151806e-02 3.691850069056156185e-03 8.600922444117771850e-04 1.057148365316552124e-03
3.873136895114633743e-02 3.742917556909153894e-03 8.917065773377001389e-04 1.073005590796300259e-03
3.931233948541353052e-02 3.973853928281422497e-03 1.060311364533978069e-03 1.089100674658244816e-03
3.990202457769472660e-02 5.170636162699658589e-03 1.087957262535318645e-03 1.105437184778118283e-03
4.050055494636014414e-02 7.005003209260525672e-03 1.375896996728183646e-03 1.122018742549789902e-03
4.110806327055554349e-02 4.683344657527692759e-03 9.878496018092830250e-04 1.138849023688036713e-03
4.172468421961386675e-02 7.381978144916224831e-03 1.303368783225454606e-03 1.155931759043356830e-03
4.235055448290807323e-02 8.031568526658745474e-03 1.470792015774537989e-03 1.173270735429007318e-03
4.298581280015168621e-02 7.834382366196832384e-03 1.461964316076096344e-03 1.190869796460442085e-03
4.363059999215396223e-02 5.771688956910802845e-03 1.148282618029357978e-03 1.208732843407348857e-03
4.428505899203626084e-02 4.699098590749357061e-03 1.009011540072485410e-03 1.226863836058458704e-03
4.494933487691681051e-02 3.328020061107579610e-03 7.945830566529298164e-04 1.245266793599335850e-03
4.562357490007055982e-02 2.461763908653134998e-03 7.354015302157785108e-04 1.263945795503325798e-03
4.630792852357160788e-02 2.285839580707687245e-03 7.054135750817559824e-04 1.282904982435875349e-03
4.700254745142518065e-02 1.533410979192983232e-03 5.384041267033103095e-04 1.302148557172413392e-03
4.770758566319655003e-02 1.646358809046204056e-03 5.254750411621084095e-04 1.321680785529999328e-03
4.842319944814449384e-02 1.437620485348685634e-03 9.938778242608681084e-04 1.341505997312949236e-03
4.914954743986665875e-02 2.247840307215045585e-03 6.169180965604247405e-04 1.361628587272643420e-03
4.988679065146466030e-02 2.411735107507667619e-03 6.640382440082508208e-04 1.382053016081733008e-03
5.063509251123662208e-02 2.118182732784727133e-03 7.329304233227896008e-04 1.402783811322958797e-03
5.139461889890516860e-02 2.715456357738765033e-03 7.898775053684301819e-04 1.423825568492803270e-03
5.216553818238874041e-02 3.257569927960273816e-03 1.094842579136240867e-03 1.445182952020195033e-03
5.294802125512455826e-02 2.875009645634350221e-03 8.983357425989541142e-04 1.466860696300497681e-03
5.374224157395142421e-02 1.556495110460877178e-03 5.399285250330796869e-04 1.488863606745004925e-03
5.454837519756069314e-02 9.412663036067789963e-04 8.820090354476400538e-04 1.511196560846180068e-03
5.536660082552409545e-02 1.328190564851171622e-03 5.977343773339334606e-04 1.533864509258872503e-03
5.619709983790695251e-02 1.822861528182064114e-03 6.757168065353001685e-04 1.556872476897755387e-03
5.704005633547555576e-02 7.673287994301859587e-04 4.764675615350804825e-04 1.580225564051221734e-03
5.876409203821528898e-02 1.820592850574722851e-03 1.008754065610337636e-03 1.627987881724669633e-03
6.054023672007033396e-02 1.975893827198144451e-03 1.062117700606467381e-03 1.677193815449797313e-03
