1.538750573636137910e-02 8.842550590852387149e-01 7.083115420930939654e-02 4.262921794567043699e-04
1.561831832240679827e-02 7.885440903380087629e-01 6.439213110242533733e-02 4.326865621485548622e-04
1.585259309724289939e-02 7.212480410224935135e-01 5.993163183931195237e-02 4.391768605807831738e-04
1.609038199370153854e-02 7.461939036336792119e-01 6.424245729913595493e-02 4.457645134894948173e-04
1.633173772360706211e-02 6.046920443528784883e-01 5.342638745595724298e-02 4.524509811918372179e-04
1.657671378946116644e-02 6.150705903809138286e-01 5.289452944138206547e-02 4.592377459097147260e-04
1.682536449630308434e-02 4.623174823875605410e-01 4.243570252108866403e-02 4.661263120983604770e-04
1.707774496374762918e-02 3.336352841867880614e-01 3.299110620630323065e-02 4.731182067798358408e-04
1.733391113820383772e-02 3.120550066006369527e-01 3.049824293902065817e-02 4.802149798815331938e-04
1.759391980527689331e-02 2.216980221725092237e-01 2.285903850952488922e-02 4.874182045797561722e-04
1.785782860235604619e-02 1.569072390735261613e-01 1.896598835388426871e-02 4.947294776484525416e-04
1.812569603139138619e-02 7.476024940192052548e-02 1.218113088061082740e-02 5.021504198131792641e-04
1.839758147186225726e-02 4.583719124400603001e-02 9.170702038734969419e-03 5.096826761103769032e-04
1.867354519394019002e-02 1.869321887092159629e-02 5.339144536088649695e-03 5.173279162520326218e-04
1.895364837184928750e-02 1.903174598913048854e-02 5.098634777747300048e-03 5.250878349958128721e-04
1.923795309742702686e-02 1.600809306718379427e-02 5.733508159223733164e-03 5.329641525207500733e-04
1.952652239388842983e-02 4.738477974228586659e-02 8.925048127903470463e-03 5.409586148085612865e-04
1.981942022979675533e-02 6.554152117524228438e-02 8.661135716846951951e-03 5.490729940306897415e-04
2.011671153324370506e-02 8.354636148401185791e-02 9.409016226369469257e-03 5.573090889411499906e-04
2.041846220624235833e-02 8.641791961168826530e-02 9.695271092585337064e-03 5.656687252752672177e-04
2.072473913933599310e-02 1.018588631802893607e-01 1.011010457660246192e-02 5.741537561543961403e-04
2.103561022642602696e-02 1.124776851449089815e-01 1.114316443687075886e-02 5.827660624967119854e-04
2.135114437982241556e-02 1.050314560239686557e-01 1.017135167788004065e-02 5.915075534341625524e-04
2.167141154551974896e-02 1.186772154944087249e-01 1.133495201145014522e-02 6.003801667356749305e-04
2.199648271870254315e-02 1.100912382876584189e-01 1.043402932958569472e-02 6.093858692367100025e-04
2.232642995948307812e-02 8.781568400122831408e-02 8.569423418904499254e-03 6.185266572752605788e-04
2.266132640887532149e-02 9.132638036651789804e-02 7.602999295339284321e-03 6.278045571343894397e-04
2.300124630500845202e-02 8.166472829836653180e-02 7.146014668681066259e-03 6.372216254914052965e-04
2.334626499958357762e-02 6.278642075899415476e-02 5.876527804004905500e-03 6.467799498737763098e-04
2.369645897457732867e-02 6.658550200613690129e-02 6.240494843420517530e-03 6.564816491218828645e-04
2.405190585919598709e-02 4.965699377857919067e-02 4.697664103527924781e-03 6.663288738587110809e-04
2.441268444708392243e-02 4.318323706846717569e-02 4.479536878602201518e-03 6.763238069665915807e-04
2.477887471379017909e-02 3.122070871383943874e-02 3.653772698636970333e-03 6.864686640710904088e-04
2.515055783449703097e-02 1.994878358766238521e-02 3.034177518323393202e-03 6.967656940321567379e-04
2.552781620201448332e-02 1.826793289958429656e-02 2.710940968510504659e-03 7.072171794426390266e-04
2.591073344504469730e-02 1.164377230693132079e-02 2.196083926163887919e-03 7.178254371342784879e-04
2.629939444672036580e-02 1.114269014970314248e-02 1.997223883638884947e-03 7.285928186912926218e-04
2.669388536342116522e-02 1.247651657899781150e-02 2.082132632494619173e-03 7.395217109716618973e-04
2.709429364387248157e-02 9.877012996804131542e-03 1.666903340495042712e-03 7.506145366362367835e-04
2.750070804853056716e-02 9.775823257285128423e-03 1.577623519691780931e-03 7.618737546857802740e-04
2.791321866925852366e-02 8.351678986978871427e-03 1.411134239264341499e-03 7.733018610060669006e-04
2.833191694929739629e-02 9.234184811597101472e-03 1.511268255939284162e-03 7.849013889211578238e-04
2.875689570353685831e-02 9.487785247179183687e-03 1.509120051364081687e-03 7.966749097549751663e-04
2.918824913908990570e-02 9.899666028227527628e-03 1.642707714237992729e-03 8.086250334012996203e-04
2.962607287617625290e-02 1.252473088099638997e-02 1.820774511900591841e-03 8.207544089023191590e-04
3.007046396931889465e-02 1.339347697655847436e-02 1.848183313388444956e-03 8.330657250358538581e-04
3.052152092885867390e-02 1.580655692060048759e-02 2.108213677585891316e-03 8.455617109113914859e-04
3.097934374279154995e-02 1.743250667888635030e-02 2.288634314968191179e-03 8.582451365750623420e-04
3.144403389893342393e-02 1.750191977306521027e-02 2.181635767057335962e-03 8.711188136236882153e-04
3.191569440741742064e-02 1.416240677577931470e-02 1.876284071849031046e-03 8.841855958280434849e-04
3.239442982352867817e-02 1.302904705036403432e-02 1.890260140991182865e-03 8.974483797654639935e-04
3.288034627088160661e-02 2.141808588495457133e-02 2.699254023415273950e-03 9.109101054619459436e-04
3.337355146494482699e-02 1.374174636865705193e-02 1.964895245145752579e-03 9.245737570438750021e-04
3.387415473691899465e-02 1.770287639845414054e-02 2.393861927424743938e-03 9.384423633995329569e-04
3.438226705797277349e-02 1.669700857757258627e-02 2.304308282232530453e-03 9.525189988505257995e-04
3.489800106384236683e-02 1.004288358384891264e-02 1.725193308354221145e-03 9.668067838332837201e-04
3.542147107979999598e-02 6.760855522089342755e-03 1.200906399227544968e-03 9.813088855907827444e-04
3.595279314599699599e-02 7.070375787932505103e-03 1.275738078623558621e-03 9.960285188746445702e-04
3.649208504318694757e-02 3.945198990304448275e-03 9.880819965236548562e-04 1.010968946657764224e-03
3.703946631883474339e-02 3.619706973668325532e-03 8.775909934557470614e-04 1.026133480857630443e-03
3.759505831361725781e-02 3.055441155517235260e-03 7.787034027370995848e-04 1.041525483070494590e-03
3.815898418832151806e-02 2.636218852975037892e-03 7.138405768765019536e-04 1.057148365316552124e-03
3.873136895114633743e-02 4.303021771465442499e-03 9.644509071609892823e-04 1.073005590796300259e-03
3.931233948541353052e-02 4.804726337043216736e-03 1.067134674965238613e-03 1.089100674658244816e-03
3.990202457769472660e-02 6.276684609160169612e-03 1.223070402108884748e-03 1.105437184778118283e-03
4.050055494636014414e-02 9.141773850062526185e-03 1.540094158751408602e-03 1.122018742549789902e-03
4.110806327055554349e-02 7.524472232887665681e-03 1.324791304713728718e-03 1.138849023688036713e-03
4.172468421961386675e-02 6.723718766039010059e-03 1.227732945321478256e-03 1.155931759043356830e-03
4.235055448290807323e-02 1.045780588926621679e-02 1.668282987875924391e-03 1.173270735429007318e-03
4.298581280015168621e-02 7.991141487831605189e-03 1.563030047570114923e-03 1.190869796460442085e-03
4.363059999215396223e-02 5.769900981880449892e-03 1.147926898817156404e-03 1.208732843407348857e-03
4.428505899203626084e-02 4.157683934212000852e-03 1.111079914661469671e-03 1.226863836058458704e-03
4.494933487691681051e-02 3.960701303350376568e-03 8.801774091278062855e-04 1.245266793599335850e-03
4.562357490007055982e-02 2.082385710626201945e-03 6.690434537406862161e-04 1.263945795503325798e-03
4.630792852357160788e-02 2.665986709068949353e-03 7.695893164377425391e-04 1.282904982435875349e-03
4.700254745142518065e-02 1.192283519389478186e-03 4.694449140100277794e-04 1.302148557172413392e-03
4.770758566319655003e-02 1.496226176327166649e-03 4.984095269515048969e-04 1.321680785529999328e-03
4.842319944814449384e-02 1.688680782435795537e-03 8.588554856037872729e-04 1.341505997312949236e-03
4.914954743986665875e-02 1.544911474547570884e-03 4.975753930953371977e-04 1.361628587272643420e-03
4.988679065146466030e-02 2.863048239712629936e-03 7.352052691484780873e-04 1.382053016081733008e-03
5.063509251123662208e-02 2.541031865217823621e-03 8.157548940518645746e-04 1.402783811322958797e-03
5.139461889890516860e-02 1.930392998174025381e-03 9.304037026573560220e-04 1.423825568492803270e-03
5.216553818238874041e-02 2.468130279891791838e-03 8.026727130091837470e-04 1.445182952020195033e-03
5.294802125512455826e-02 3.079413229900210443e-03 9.384461683135343407e-04 1.466860696300497681e-03
5.374224157395142421e-02 1.244810346945260989e-03 4.745501471314527613e-04 1.488863606745004925e-03
5.454837519756069314e-02 1.814736949720247711e-03 6.904996368129787771e-04 1.511196560846180068e-03
5.536660082552409545e-02 1.106482594244662587e-03 5.373750735045878168e-04 1.533864509258872503e-03
5.619709983790695251e-02 1.619819409274954412e-03 6.300661789742121677e-04 1.556872476897755387e-03
5.704005633547555576e-02 7.670910934928608241e-04 4.763199596616673570e-04 1.580225564051221734e-03
5.789565718050768139e-02 1.327819310849753321e-03 9.629388140366440703e-04 1.603928947511990000e-03
5.876409203821528898e-02 4.550072151565686708e-04 4.677962423943283284e-04 1.627987881724669633e-03
5.964555341878850780e-02 1.157780396923495120e-03 6.302330560916946656e-04 1.652407699950539204e-03
